The nearest neighbor of (0.500000, 0.500000) is (0.498659, 0.500257).

There are 3338 points in the rectangle (0.300000, 0.300000), (0.300000, 0.410000), (0.600000, 0.300000), (0.600000, 0.410000): 
(0.375074, 0.300480)
(0.316450, 0.301442)
(0.306553, 0.303084)
(0.302066, 0.303058)
(0.301031, 0.339465)
(0.300393, 0.343469)
(0.300200, 0.374902)
(0.300042, 0.351264)
(0.300008, 0.492452)
(0.300012, 0.473729)
(0.300156, 0.317006)
(0.300071, 0.577665)
(0.300042, 0.422151)
(0.300087, 0.488262)
(0.300195, 0.483521)
(0.300264, 0.397517)
(0.300222, 0.585301)
(0.300209, 0.392154)
(0.300224, 0.532701)
(0.300334, 0.426250)
(0.300275, 0.454570)
(0.300388, 0.489445)
(0.300364, 0.534599)
(0.300900, 0.311784)
(0.300654, 0.382295)
(0.300416, 0.428543)
(0.300401, 0.432037)
(0.300393, 0.510270)
(0.300618, 0.561996)
(0.300521, 0.450736)
(0.300620, 0.400610)
(0.300768, 0.418406)
(0.300720, 0.488950)
(0.300698, 0.580661)
(0.300735, 0.306926)
(0.300855, 0.496513)
(0.300806, 0.550991)
(0.300783, 0.434658)
(0.300837, 0.553004)
(0.300877, 0.456819)
(0.300949, 0.343242)
(0.300923, 0.467873)
(0.300919, 0.589359)
(0.300946, 0.417538)
(0.300971, 0.527590)
(0.300955, 0.434643)
(0.301017, 0.340454)
(0.301313, 0.335066)
(0.301067, 0.364221)
(0.301052, 0.463808)
(0.301045, 0.307578)
(0.301059, 0.586836)
(0.301056, 0.390569)
(0.301064, 0.525577)
(0.301096, 0.464984)
(0.301083, 0.367955)
(0.301091, 0.524483)
(0.301149, 0.359299)
(0.301194, 0.572323)
(0.301648, 0.406454)
(0.301360, 0.368099)
(0.301313, 0.338386)
(0.301356, 0.589304)
(0.301488, 0.441108)
(0.301375, 0.409276)
(0.301366, 0.520726)
(0.301456, 0.472503)
(0.301490, 0.444647)
(0.301905, 0.375977)
(0.301887, 0.451058)
(0.301768, 0.510018)
(0.301694, 0.420731)
(0.301803, 0.589557)
(0.301899, 0.322647)
(0.301994, 0.369537)
(0.301926, 0.567290)
(0.301926, 0.380018)
(0.301947, 0.596553)
(0.302004, 0.419464)
(0.305020, 0.309445)
(0.303660, 0.371481)
(0.302747, 0.324493)
(0.302369, 0.373628)
(0.302124, 0.389373)
(0.302093, 0.355995)
(0.302082, 0.482600)
(0.302088, 0.514622)
(0.302096, 0.447569)
(0.302103, 0.578576)
(0.302179, 0.475814)
(0.302133, 0.474352)
(0.302254, 0.533685)
(0.302252, 0.492451)
(0.302289, 0.552694)
(0.302288, 0.535369)
(0.302331, 0.409382)
(0.302560, 0.330932)
(0.302519, 0.410266)
(0.302396, 0.313773)
(0.302547, 0.419362)
(0.302534, 0.597777)
(0.302664, 0.429059)
(0.302627, 0.326164)
(0.302699, 0.423521)
(0.302720, 0.539332)
(0.303181, 0.381805)
(0.302977, 0.399211)
(0.302900, 0.376070)
(0.302781, 0.439878)
(0.302974, 0.460699)
(0.303145, 0.326152)
(0.303094, 0.554757)
(0.303051, 0.573143)
(0.303137, 0.550807)
(0.303161, 0.398057)
(0.303174, 0.402653)
(0.303471, 0.487972)
(0.303284, 0.352735)
(0.303190, 0.391874)
(0.303413, 0.494988)
(0.303388, 0.523319)
(0.303524, 0.388898)
(0.303493, 0.372463)
(0.303605, 0.384745)
(0.303602, 0.406295)
(0.303552, 0.573033)
(0.303624, 0.562981)
(0.304044, 0.358120)
(0.303867, 0.503598)
(0.303710, 0.404306)
(0.303687, 0.379353)
(0.303803, 0.450678)
(0.303736, 0.590566)
(0.303843, 0.526553)
(0.303977, 0.340141)
(0.303905, 0.498100)
(0.304043, 0.439848)
(0.304040, 0.359814)
(0.304043, 0.599004)
(0.304541, 0.310341)
(0.304447, 0.419720)
(0.304215, 0.479737)
(0.304073, 0.467665)
(0.304159, 0.565994)
(0.304307, 0.439669)
(0.304277, 0.530306)
(0.304357, 0.563717)
(0.304492, 0.359062)
(0.304455, 0.576429)
(0.304845, 0.316179)
(0.304802, 0.444158)
(0.304704, 0.580843)
(0.304620, 0.548049)
(0.304769, 0.409766)
(0.304836, 0.377593)
(0.304841, 0.530885)
(0.304959, 0.313912)
(0.304905, 0.449585)
(0.304893, 0.472048)
(0.304907, 0.485545)
(0.305018, 0.461238)
(0.305015, 0.484797)
(0.306152, 0.307391)
(0.305470, 0.314084)
(0.305361, 0.352151)
(0.305216, 0.330566)
(0.305158, 0.407104)
(0.305039, 0.599413)
(0.305246, 0.525551)
(0.305239, 0.374654)
(0.305345, 0.554439)
(0.305274, 0.578637)
(0.305355, 0.464442)
(0.305403, 0.448353)
(0.305386, 0.389101)
(0.305428, 0.327740)
(0.305457, 0.513265)
(0.305861, 0.401977)
(0.305601, 0.328371)
(0.305523, 0.337744)
(0.305493, 0.389903)
(0.305529, 0.498809)
(0.305551, 0.559979)
(0.305794, 0.459019)
(0.305633, 0.507435)
(0.305657, 0.545209)
(0.305848, 0.506648)
(0.305855, 0.595228)
(0.305982, 0.310507)
(0.305929, 0.372639)
(0.305899, 0.554848)
(0.305886, 0.459647)
(0.305901, 0.501499)
(0.305948, 0.495040)
(0.306051, 0.366594)
(0.305984, 0.502592)
(0.306045, 0.516253)
(0.306119, 0.491439)
(0.306370, 0.362167)
(0.306207, 0.403822)
(0.306202, 0.414433)
(0.306181, 0.489094)
(0.306351, 0.458843)
(0.306301, 0.513059)
(0.306256, 0.545016)
(0.306318, 0.470235)
(0.306355, 0.313632)
(0.306480, 0.312559)
(0.306454, 0.308347)
(0.306432, 0.323044)
(0.306405, 0.536498)
(0.306460, 0.348191)
(0.306465, 0.561551)
(0.306507, 0.527779)
(0.306498, 0.394926)
(0.306545, 0.500681)
(0.306525, 0.529296)
(0.311907, 0.316880)
(0.309304, 0.303497)
(0.308048, 0.305430)
(0.307121, 0.317282)
(0.306931, 0.303977)
(0.306820, 0.338305)
(0.306715, 0.425414)
(0.306604, 0.518558)
(0.306599, 0.357607)
(0.306664, 0.586798)
(0.306810, 0.552146)
(0.306802, 0.445628)
(0.306816, 0.333957)
(0.306850, 0.427254)
(0.306826, 0.538845)
(0.306917, 0.309613)
(0.306919, 0.573549)
(0.306968, 0.367909)
(0.306963, 0.319212)
(0.306954, 0.428609)
(0.307105, 0.417980)
(0.307097, 0.534596)
(0.307112, 0.483032)
(0.307577, 0.312396)
(0.307295, 0.373701)
(0.307175, 0.324296)
(0.307141, 0.430137)
(0.307174, 0.481287)
(0.307261, 0.382984)
(0.307290, 0.536520)
(0.307452, 0.343377)
(0.307359, 0.371734)
(0.307386, 0.598475)
(0.307476, 0.413342)
(0.307460, 0.509281)
(0.307519, 0.336277)
(0.307669, 0.310833)
(0.307623, 0.515929)
(0.307612, 0.359725)
(0.307606, 0.535333)
(0.307615, 0.553049)
(0.307650, 0.531298)
(0.307757, 0.368126)
(0.307678, 0.317980)
(0.307982, 0.404027)
(0.307867, 0.410482)
(0.308465, 0.314152)
(0.308200, 0.375219)
(0.308115, 0.306047)
(0.308080, 0.437377)
(0.308062, 0.553149)
(0.308067, 0.596056)
(0.308107, 0.515248)
(0.308118, 0.469851)
(0.308187, 0.469841)
(0.308305, 0.376564)
(0.308245, 0.308734)
(0.308222, 0.371421)
(0.308222, 0.571223)
(0.308254, 0.505798)
(0.308254, 0.313785)
(0.308291, 0.571900)
(0.308354, 0.477265)
(0.308347, 0.342060)
(0.308404, 0.530049)
(0.308387, 0.580266)
(0.308939, 0.315340)
(0.308761, 0.341052)
(0.308528, 0.365083)
(0.308495, 0.350642)
(0.308505, 0.534653)
(0.308643, 0.483166)
(0.308639, 0.557764)
(0.308557, 0.592535)
(0.308742, 0.380061)
(0.308864, 0.312494)
(0.308851, 0.535122)
(0.308843, 0.563438)
(0.308884, 0.422840)
(0.308869, 0.580144)
(0.309141, 0.317936)
(0.308962, 0.423340)
(0.308952, 0.445898)
(0.309135, 0.365545)
(0.309187, 0.370423)
(0.309153, 0.520457)
(0.309189, 0.561559)
(0.309211, 0.583744)
(0.311134, 0.304162)
(0.310267, 0.318429)
(0.309848, 0.355724)
(0.309557, 0.363701)
(0.309414, 0.382084)
(0.309409, 0.443284)
(0.309379, 0.480962)
(0.309545, 0.522894)
(0.309474, 0.454477)
(0.309552, 0.426625)
(0.309547, 0.584428)
(0.309750, 0.370945)
(0.309630, 0.509753)
(0.309609, 0.424430)
(0.309657, 0.438620)
(0.309650, 0.527549)
(0.309761, 0.338512)
(0.309753, 0.473110)
(0.309829, 0.512525)
(0.310078, 0.448802)
(0.309938, 0.339981)
(0.309851, 0.415011)
(0.310003, 0.575575)
(0.310002, 0.538463)
(0.310045, 0.545106)
(0.310133, 0.448408)
(0.310090, 0.454307)
(0.310201, 0.523309)
(0.310152, 0.414036)
(0.310205, 0.576838)
(0.310511, 0.317656)
(0.310341, 0.351904)
(0.310292, 0.397570)
(0.310395, 0.402306)
(0.310363, 0.302926)
(0.310489, 0.579486)
(0.310436, 0.584241)
(0.310921, 0.349268)
(0.310661, 0.396052)
(0.310637, 0.384789)
(0.310612, 0.357485)
(0.310595, 0.460829)
(0.310649, 0.313793)
(0.310656, 0.537087)
(0.310737, 0.431231)
(0.310712, 0.522977)
(0.310806, 0.554176)
(0.310756, 0.581331)
(0.310881, 0.552702)
(0.310956, 0.350158)
(0.310934, 0.369003)
(0.310934, 0.463248)
(0.311035, 0.431605)
(0.311001, 0.404273)
(0.310991, 0.592890)
(0.311080, 0.495194)
(0.311053, 0.535381)
(0.311437, 0.356138)
(0.311261, 0.435287)
(0.311185, 0.415395)
(0.311154, 0.569896)
(0.311205, 0.561877)
(0.311298, 0.346124)
(0.311294, 0.436240)
(0.311303, 0.515074)
(0.311349, 0.571867)
(0.311746, 0.366021)
(0.311646, 0.362845)
(0.311556, 0.447310)
(0.311692, 0.438675)
(0.311716, 0.564705)
(0.311849, 0.367941)
(0.311786, 0.525891)
(0.311773, 0.454108)
(0.311815, 0.314843)
(0.311861, 0.375993)
(0.313548, 0.305522)
(0.312478, 0.306682)
(0.312327, 0.375248)
(0.312131, 0.391180)
(0.312042, 0.310941)
(0.311928, 0.538256)
(0.312075, 0.532285)
(0.312089, 0.582723)
(0.312249, 0.372141)
(0.312229, 0.453625)
(0.312201, 0.477497)
(0.312275, 0.409482)
(0.312253, 0.485784)
(0.312398, 0.403022)
(0.312391, 0.468200)
(0.312388, 0.476473)
(0.312447, 0.475595)
(0.313151, 0.311388)
(0.313030, 0.519219)
(0.312894, 0.385653)
(0.312687, 0.385209)
(0.312655, 0.452517)
(0.312482, 0.521672)
(0.312874, 0.434762)
(0.312687, 0.590373)
(0.312937, 0.520654)
(0.312927, 0.479889)
(0.313001, 0.573745)
(0.312975, 0.586408)
(0.313029, 0.536676)
(0.313073, 0.414400)
(0.313053, 0.434558)
(0.313116, 0.465597)
(0.313114, 0.433560)
(0.313083, 0.583420)
(0.313146, 0.573564)
(0.313378, 0.432473)
(0.313335, 0.532835)
(0.313215, 0.588721)
(0.313166, 0.574624)
(0.313267, 0.387150)
(0.313344, 0.459356)
(0.313356, 0.545640)
(0.313411, 0.343351)
(0.313385, 0.461368)
(0.313407, 0.464057)
(0.313477, 0.563813)
(0.313419, 0.448258)
(0.313513, 0.567376)
(0.315307, 0.304996)
(0.314486, 0.339820)
(0.314067, 0.316919)
(0.313763, 0.500485)
(0.313672, 0.365619)
(0.313564, 0.566146)
(0.313556, 0.589898)
(0.313656, 0.407809)
(0.313763, 0.484451)
(0.313733, 0.599484)
(0.313826, 0.366846)
(0.313811, 0.590097)
(0.313900, 0.322031)
(0.314012, 0.590605)
(0.314254, 0.336503)
(0.314219, 0.454125)
(0.314078, 0.388374)
(0.314177, 0.598166)
(0.314252, 0.485411)
(0.314277, 0.441633)
(0.314276, 0.499162)
(0.314432, 0.563341)
(0.314318, 0.565323)
(0.314465, 0.590526)
(0.314918, 0.313536)
(0.314734, 0.522607)
(0.314614, 0.344344)
(0.314601, 0.542536)
(0.314563, 0.586002)
(0.314541, 0.561223)
(0.314579, 0.462383)
(0.314606, 0.423326)
(0.314682, 0.453579)
(0.314618, 0.554053)
(0.314715, 0.589536)
(0.314748, 0.380590)
(0.314741, 0.514282)
(0.314779, 0.361910)
(0.314763, 0.511308)
(0.314836, 0.552266)
(0.315047, 0.413459)
(0.315012, 0.396171)
(0.314972, 0.568297)
(0.314931, 0.331858)
(0.315011, 0.500317)
(0.315018, 0.352899)
(0.315023, 0.511549)
(0.315101, 0.527220)
(0.315065, 0.517527)
(0.315050, 0.549077)
(0.315204, 0.494913)
(0.315143, 0.538122)
(0.315979, 0.323010)
(0.315651, 0.338379)
(0.315483, 0.317620)
(0.315382, 0.360653)
(0.315341, 0.313889)
(0.315355, 0.531563)
(0.315446, 0.441709)
(0.315410, 0.591188)
(0.315548, 0.432881)
(0.315508, 0.553466)
(0.315502, 0.498900)
(0.315529, 0.585240)
(0.315523, 0.571404)
(0.315536, 0.538312)
(0.315597, 0.332181)
(0.315558, 0.593099)
(0.315867, 0.334909)
(0.315767, 0.493765)
(0.315707, 0.384716)
(0.315719, 0.553180)
(0.315834, 0.406271)
(0.315907, 0.390777)
(0.315902, 0.455956)
(0.315933, 0.507401)
(0.316109, 0.399743)
(0.316017, 0.314398)
(0.315997, 0.341087)
(0.316020, 0.360906)
(0.316055, 0.532621)
(0.316257, 0.371910)
(0.316234, 0.483300)
(0.316180, 0.436633)
(0.316191, 0.533475)
(0.316242, 0.409891)
(0.316386, 0.373746)
(0.316384, 0.482478)
(0.316354, 0.533393)
(0.316404, 0.524254)
(0.340505, 0.300998)
(0.327688, 0.304123)
(0.323761, 0.301938)
(0.319911, 0.311550)
(0.318447, 0.309069)
(0.317415, 0.323135)
(0.316976, 0.304282)
(0.316777, 0.404632)
(0.316704, 0.392190)
(0.316646, 0.551682)
(0.316675, 0.567219)
(0.316764, 0.450745)
(0.316820, 0.346239)
(0.316783, 0.404726)
(0.316822, 0.311829)
(0.316830, 0.449130)
(0.317131, 0.386815)
(0.317085, 0.456004)
(0.317028, 0.343911)
(0.317002, 0.484735)
(0.317049, 0.456990)
(0.317098, 0.586352)
(0.317087, 0.474848)
(0.317126, 0.545915)
(0.317280, 0.346834)
(0.317185, 0.458180)
(0.317335, 0.422420)
(0.317293, 0.589716)
(0.317336, 0.380423)
(0.317771, 0.301702)
(0.317638, 0.422372)
(0.317519, 0.422161)
(0.317424, 0.551933)
(0.317564, 0.473143)
(0.317562, 0.589229)
(0.317729, 0.346529)
(0.317721, 0.506341)
(0.317751, 0.450579)
(0.317744, 0.598228)
(0.318239, 0.309030)
(0.317920, 0.545998)
(0.317817, 0.528560)
(0.317787, 0.508386)
(0.317823, 0.561974)
(0.318008, 0.426809)
(0.317964, 0.535249)
(0.317992, 0.570039)
(0.318092, 0.332172)
(0.318057, 0.567356)
(0.318114, 0.587627)
(0.318325, 0.312545)
(0.318249, 0.513614)
(0.318249, 0.423164)
(0.318297, 0.507246)
(0.318309, 0.587128)
(0.318416, 0.414825)
(0.318415, 0.457540)
(0.318841, 0.319321)
(0.318666, 0.355115)
(0.318454, 0.405118)
(0.318449, 0.394282)
(0.318448, 0.585000)
(0.318533, 0.456778)
(0.318527, 0.428862)
(0.318490, 0.525392)
(0.318585, 0.522024)
(0.318652, 0.537921)
(0.318765, 0.318062)
(0.318735, 0.492437)
(0.318692, 0.594126)
(0.318683, 0.510349)
(0.318723, 0.553124)
(0.318759, 0.311215)
(0.318814, 0.571920)
(0.318767, 0.320742)
(0.318824, 0.492813)
(0.319443, 0.368406)
(0.319123, 0.366526)
(0.318982, 0.386676)
(0.318956, 0.326427)
(0.318932, 0.422627)
(0.319022, 0.419185)
(0.319009, 0.440620)
(0.319089, 0.536554)
(0.319048, 0.481481)
(0.319118, 0.494275)
(0.319356, 0.376253)
(0.319201, 0.364135)
(0.319134, 0.576415)
(0.319131, 0.493714)
(0.319144, 0.372940)
(0.319334, 0.432955)
(0.319275, 0.598648)
(0.319420, 0.498438)
(0.319397, 0.381815)
(0.319358, 0.517209)
(0.319423, 0.453180)
(0.319744, 0.444554)
(0.319594, 0.525750)
(0.319537, 0.368115)
(0.319457, 0.504475)
(0.319573, 0.540237)
(0.319670, 0.416838)
(0.319645, 0.498524)
(0.319632, 0.571975)
(0.319713, 0.416180)
(0.319899, 0.342634)
(0.319767, 0.477054)
(0.319762, 0.488792)
(0.319846, 0.508295)
(0.319820, 0.497244)
(0.319852, 0.571780)
(0.319906, 0.365239)
(0.321698, 0.305505)
(0.320796, 0.302353)
(0.320085, 0.366380)
(0.319953, 0.336504)
(0.319944, 0.348538)
(0.320064, 0.558379)
(0.319978, 0.365585)
(0.320080, 0.479393)
(0.320076, 0.558737)
(0.320358, 0.316385)
(0.320171, 0.505400)
(0.320126, 0.576035)
(0.320088, 0.529562)
(0.320120, 0.581395)
(0.320147, 0.547295)
(0.320338, 0.476871)
(0.320208, 0.466964)
(0.320235, 0.599696)
(0.320344, 0.336415)
(0.320599, 0.492865)
(0.320438, 0.319434)
(0.320396, 0.554013)
(0.320558, 0.508237)
(0.320643, 0.538625)
(0.320622, 0.494244)
(0.320739, 0.376658)
(0.321305, 0.389556)
(0.321151, 0.355194)
(0.320835, 0.470496)
(0.320812, 0.463943)
(0.320973, 0.502886)
(0.320932, 0.513201)
(0.320899, 0.574049)
(0.320951, 0.471308)
(0.321071, 0.422527)
(0.321065, 0.527529)
(0.321270, 0.313389)
(0.321202, 0.419737)
(0.321197, 0.515740)
(0.321196, 0.523733)
(0.321228, 0.492882)
(0.321272, 0.382753)
(0.321300, 0.594326)
(0.321548, 0.447156)
(0.321470, 0.447354)
(0.321374, 0.570997)
(0.321369, 0.590138)
(0.321394, 0.396759)
(0.321528, 0.481877)
(0.321509, 0.581502)
(0.321541, 0.591307)
(0.321629, 0.303670)
(0.321564, 0.567055)
(0.321635, 0.345538)
(0.321692, 0.416680)
(0.322324, 0.314046)
(0.322026, 0.330509)
(0.321950, 0.365906)
(0.321761, 0.538012)
(0.321752, 0.411266)
(0.321856, 0.338758)
(0.321794, 0.592172)
(0.321892, 0.589610)
(0.321985, 0.354752)
(0.321958, 0.524874)
(0.321999, 0.388278)
(0.321994, 0.584759)
(0.322252, 0.343834)
(0.322214, 0.414584)
(0.322115, 0.571853)
(0.322269, 0.421993)
(0.323259, 0.329980)
(0.323014, 0.423168)
(0.322796, 0.534838)
(0.322536, 0.501581)
(0.322477, 0.428412)
(0.322660, 0.576290)
(0.322569, 0.574688)
(0.322649, 0.584546)
(0.322697, 0.548169)
(0.322930, 0.324873)
(0.322898, 0.578635)
(0.322838, 0.578341)
(0.322900, 0.420844)
(0.322982, 0.582599)
(0.322960, 0.349181)
(0.323011, 0.514163)
(0.323182, 0.462186)
(0.323093, 0.574644)
(0.323033, 0.479374)
(0.323153, 0.438548)
(0.323195, 0.315936)
(0.323460, 0.378333)
(0.323405, 0.334203)
(0.323278, 0.354944)
(0.323270, 0.348260)
(0.323294, 0.553527)
(0.323286, 0.562625)
(0.323393, 0.442342)
(0.323437, 0.329321)
(0.323518, 0.311980)
(0.323499, 0.498681)
(0.323470, 0.400605)
(0.323501, 0.349207)
(0.323559, 0.310964)
(0.323520, 0.413108)
(0.323587, 0.475988)
(0.323678, 0.578218)
(0.325725, 0.332292)
(0.324503, 0.326228)
(0.324094, 0.311819)
(0.323861, 0.343400)
(0.323808, 0.332250)
(0.323764, 0.313635)
(0.323835, 0.364923)
(0.323951, 0.428202)
(0.323882, 0.388137)
(0.323872, 0.451068)
(0.323874, 0.577690)
(0.323902, 0.548191)
(0.324006, 0.432707)
(0.324275, 0.533677)
(0.324205, 0.330340)
(0.324149, 0.319987)
(0.324140, 0.517963)
(0.324168, 0.484277)
(0.324253, 0.559938)
(0.324222, 0.551227)
(0.324242, 0.569127)
(0.324259, 0.418603)
(0.324288, 0.469902)
(0.324284, 0.495258)
(0.324401, 0.488801)
(0.324855, 0.366892)
(0.324638, 0.402553)
(0.324546, 0.362520)
(0.324522, 0.389657)
(0.324507, 0.395950)
(0.324600, 0.497955)
(0.324593, 0.551568)
(0.324598, 0.593869)
(0.324624, 0.461163)
(0.324661, 0.328320)
(0.324644, 0.368355)
(0.324696, 0.362974)
(0.324742, 0.388750)
(0.325127, 0.324403)
(0.324972, 0.321517)
(0.324876, 0.359631)
(0.324874, 0.536265)
(0.325059, 0.445138)
(0.324982, 0.396850)
(0.325019, 0.499441)
(0.325069, 0.350034)
(0.325103, 0.596610)
(0.325337, 0.429292)
(0.325220, 0.362164)
(0.325289, 0.547391)
(0.325464, 0.542255)
(0.325407, 0.402792)
(0.325631, 0.457537)
(0.325702, 0.544938)
(0.327012, 0.302925)
(0.326169, 0.336468)
(0.326008, 0.452411)
(0.325868, 0.338725)
(0.325818, 0.369281)
(0.325781, 0.593539)
(0.325950, 0.485102)
(0.325886, 0.556753)
(0.325975, 0.497651)
(0.325972, 0.589721)
(0.325983, 0.559443)
(0.326056, 0.347327)
(0.326027, 0.418407)
(0.326140, 0.413115)
(0.326850, 0.339411)
(0.326661, 0.330262)
(0.326472, 0.428683)
(0.326372, 0.565827)
(0.326248, 0.503210)
(0.326345, 0.572721)
(0.326460, 0.568255)
(0.326563, 0.532540)
(0.326487, 0.599196)
(0.326773, 0.390675)
(0.326736, 0.432522)
(0.326761, 0.533116)
(0.326822, 0.449542)
(0.326954, 0.339866)
(0.326917, 0.382649)
(0.326985, 0.361737)
(0.326987, 0.496960)
(0.327552, 0.309198)
(0.327162, 0.317800)
(0.327140, 0.481598)
(0.327107, 0.487051)
(0.327119, 0.528211)
(0.327146, 0.499150)
(0.327435, 0.460526)
(0.327289, 0.496489)
(0.327219, 0.556543)
(0.327403, 0.574711)
(0.327484, 0.462052)
(0.327451, 0.464910)
(0.327516, 0.448379)
(0.327521, 0.556999)
(0.327683, 0.308279)
(0.327633, 0.546464)
(0.327580, 0.353896)
(0.327638, 0.492335)
(0.327687, 0.328497)
(0.332853, 0.304258)
(0.329576, 0.311907)
(0.328999, 0.301985)
(0.328422, 0.375168)
(0.327941, 0.324057)
(0.327889, 0.462795)
(0.327803, 0.306361)
(0.327762, 0.504631)
(0.327749, 0.554496)
(0.327762, 0.569641)
(0.327822, 0.541916)
(0.327894, 0.367167)
(0.327921, 0.480544)
(0.328158, 0.351507)
(0.328053, 0.475543)
(0.328028, 0.465411)
(0.328077, 0.515551)
(0.328098, 0.578308)
(0.328306, 0.457508)
(0.328312, 0.582103)
(0.328816, 0.340763)
(0.328549, 0.434363)
(0.328476, 0.459581)
(0.328452, 0.512232)
(0.328687, 0.479738)
(0.328666, 0.515724)
(0.328651, 0.570099)
(0.328705, 0.425939)
(0.328757, 0.548183)
(0.328878, 0.313415)
(0.328854, 0.416423)
(0.328987, 0.505035)
(0.328914, 0.563644)
(0.328904, 0.309851)
(0.328941, 0.516244)
(0.328992, 0.387456)
(0.329347, 0.312995)
(0.329164, 0.462180)
(0.329080, 0.409096)
(0.329048, 0.316202)
(0.329009, 0.476575)
(0.329107, 0.483141)
(0.329096, 0.522861)
(0.329227, 0.336339)
(0.329214, 0.338620)
(0.329188, 0.502013)
(0.329334, 0.364562)
(0.329238, 0.512091)
(0.329344, 0.459637)
(0.329483, 0.381325)
(0.329416, 0.363571)
(0.329387, 0.438272)
(0.329445, 0.534725)
(0.329545, 0.340238)
(0.331682, 0.324168)
(0.330547, 0.303529)
(0.330072, 0.327165)
(0.329761, 0.360879)
(0.329685, 0.361264)
(0.329577, 0.422941)
(0.329602, 0.502707)
(0.329692, 0.522686)
(0.329686, 0.431013)
(0.329758, 0.458471)
(0.329889, 0.490478)
(0.329778, 0.503169)
(0.329763, 0.588680)
(0.329782, 0.510781)
(0.330058, 0.312557)
(0.330032, 0.534507)
(0.329945, 0.538974)
(0.330066, 0.522141)
(0.330162, 0.503149)
(0.330097, 0.427541)
(0.330093, 0.426744)
(0.330105, 0.419066)
(0.330455, 0.327204)
(0.330280, 0.508825)
(0.330244, 0.505544)
(0.330411, 0.520572)
(0.330433, 0.540281)
(0.330460, 0.316016)
(0.331038, 0.325765)
(0.330734, 0.577780)
(0.330625, 0.346116)
(0.330584, 0.379281)
(0.330658, 0.528869)
(0.330812, 0.308512)
(0.330807, 0.435417)
(0.330763, 0.579542)
(0.331010, 0.528304)
(0.330890, 0.533085)
(0.331161, 0.377720)
(0.331050, 0.460518)
(0.331044, 0.441927)
(0.331129, 0.410855)
(0.331404, 0.433914)
(0.331243, 0.526235)
(0.331172, 0.338759)
(0.331283, 0.477391)
(0.331515, 0.529164)
(0.331472, 0.489699)
(0.331516, 0.413625)
(0.332374, 0.388260)
(0.331938, 0.434784)
(0.331870, 0.402129)
(0.331690, 0.343502)
(0.331863, 0.474561)
(0.331880, 0.452610)
(0.331878, 0.531738)
(0.331931, 0.410348)
(0.331907, 0.560222)
(0.332131, 0.334774)
(0.332070, 0.456141)
(0.332021, 0.462565)
(0.331956, 0.476936)
(0.332104, 0.412150)
(0.332195, 0.338596)
(0.332191, 0.390985)
(0.332142, 0.562178)
(0.332336, 0.475032)
(0.332260, 0.497549)
(0.332238, 0.539173)
(0.332361, 0.470872)
(0.332564, 0.314044)
(0.332386, 0.382659)
(0.332384, 0.413016)
(0.332495, 0.465396)
(0.332395, 0.466198)
(0.332538, 0.579827)
(0.332531, 0.583172)
(0.332767, 0.351435)
(0.332650, 0.391402)
(0.332601, 0.561646)
(0.332579, 0.461676)
(0.332604, 0.579354)
(0.332718, 0.487469)
(0.332743, 0.506158)
(0.332830, 0.537611)
(0.332776, 0.453017)
(0.332843, 0.332041)
(0.336830, 0.309839)
(0.334872, 0.302398)
(0.333861, 0.308615)
(0.333319, 0.353889)
(0.333040, 0.353204)
(0.332933, 0.409474)
(0.332895, 0.349013)
(0.332896, 0.411840)
(0.332966, 0.394945)
(0.333010, 0.483980)
(0.333207, 0.450590)
(0.333072, 0.543878)
(0.333072, 0.375653)
(0.333109, 0.528157)
(0.333239, 0.469151)
(0.333231, 0.421428)
(0.333285, 0.483149)
(0.333572, 0.343926)
(0.333436, 0.432375)
(0.333349, 0.411958)
(0.333554, 0.469891)
(0.333487, 0.506131)
(0.333537, 0.560386)
(0.333565, 0.438127)
(0.333747, 0.310346)
(0.333688, 0.427254)
(0.333592, 0.594035)
(0.333713, 0.487854)
(0.333818, 0.578342)
(0.333816, 0.491017)
(0.333845, 0.393326)
(0.334451, 0.385325)
(0.334150, 0.410938)
(0.334084, 0.354621)
(0.334066, 0.388006)
(0.333875, 0.566225)
(0.333861, 0.343979)
(0.334029, 0.592109)
(0.334076, 0.478141)
(0.334139, 0.416573)
(0.334111, 0.556938)
(0.334186, 0.392138)
(0.334157, 0.387986)
(0.334273, 0.417145)
(0.334234, 0.378110)
(0.334239, 0.598538)
(0.334435, 0.557318)
(0.334414, 0.413284)
(0.334435, 0.589888)
(0.334628, 0.342614)
(0.334522, 0.412536)
(0.334494, 0.404246)
(0.334490, 0.445719)
(0.334621, 0.341734)
(0.334541, 0.563467)
(0.334535, 0.449918)
(0.334595, 0.572168)
(0.334626, 0.551877)
(0.334807, 0.443006)
(0.334690, 0.412338)
(0.334684, 0.324080)
(0.334684, 0.510412)
(0.334771, 0.453587)
(0.334762, 0.451439)
(0.334763, 0.594742)
(0.334787, 0.512080)
(0.334842, 0.482143)
(0.334818, 0.569285)
(0.334863, 0.405576)
(0.334864, 0.589505)
(0.335806, 0.304411)
(0.335373, 0.315855)
(0.335001, 0.325587)
(0.334906, 0.463939)
(0.334905, 0.364673)
(0.334947, 0.573863)
(0.334933, 0.481641)
(0.334960, 0.493148)
(0.335123, 0.317684)
(0.335020, 0.400900)
(0.335003, 0.553681)
(0.335026, 0.384517)
(0.335292, 0.330167)
(0.335166, 0.526926)
(0.335134, 0.496192)
(0.335207, 0.470654)
(0.335315, 0.410874)
(0.335533, 0.399178)
(0.335454, 0.337738)
(0.335415, 0.498705)
(0.335415, 0.311502)
(0.335418, 0.392501)
(0.335476, 0.396385)
(0.335728, 0.325605)
(0.335675, 0.515429)
(0.335657, 0.598688)
(0.335704, 0.442190)
(0.335764, 0.425132)
(0.336409, 0.305549)
(0.336062, 0.320942)
(0.335943, 0.389139)
(0.335870, 0.515342)
(0.335865, 0.391736)
(0.335927, 0.392500)
(0.336033, 0.369937)
(0.335991, 0.481297)
(0.336057, 0.589725)
(0.336114, 0.437313)
(0.336067, 0.348199)
(0.336065, 0.371892)
(0.336095, 0.485540)
(0.336098, 0.595463)
(0.336289, 0.370008)
(0.336276, 0.502383)
(0.336182, 0.445464)
(0.336281, 0.549714)
(0.336344, 0.463873)
(0.336327, 0.499839)
(0.336289, 0.552526)
(0.336361, 0.401903)
(0.336587, 0.338929)
(0.336550, 0.480378)
(0.336459, 0.453011)
(0.336457, 0.540161)
(0.336540, 0.553863)
(0.336556, 0.334400)
(0.336698, 0.367824)
(0.336614, 0.510403)
(0.336610, 0.578041)
(0.336590, 0.590164)
(0.336696, 0.547743)
(0.336764, 0.383469)
(0.336701, 0.408478)
(0.336802, 0.352053)
(0.336785, 0.518531)
(0.339169, 0.310790)
(0.337522, 0.320829)
(0.337320, 0.330814)
(0.337061, 0.360913)
(0.336988, 0.372190)
(0.336895, 0.590566)
(0.336836, 0.346668)
(0.336930, 0.537871)
(0.337027, 0.537674)
(0.337133, 0.364821)
(0.337085, 0.565333)
(0.337078, 0.599687)
(0.337099, 0.418809)
(0.337272, 0.310388)
(0.337274, 0.537665)
(0.337468, 0.333080)
(0.337440, 0.335613)
(0.337402, 0.594869)
(0.337446, 0.412553)
(0.337486, 0.434612)
(0.337473, 0.340923)
(0.337492, 0.341812)
(0.337505, 0.455709)
(0.338526, 0.346553)
(0.338212, 0.328890)
(0.337790, 0.337245)
(0.337702, 0.413009)
(0.337618, 0.441145)
(0.337994, 0.365262)
(0.337820, 0.531466)
(0.338104, 0.550114)
(0.338059, 0.598837)
(0.338209, 0.585315)
(0.338464, 0.341588)
(0.338410, 0.530040)
(0.338324, 0.529685)
(0.338462, 0.443500)
(0.338490, 0.416505)
(0.338973, 0.388273)
(0.338767, 0.448878)
(0.338583, 0.593091)
(0.338533, 0.503218)
(0.338616, 0.545022)
(0.338701, 0.598504)
(0.338859, 0.416746)
(0.338804, 0.414638)
(0.338917, 0.383808)
(0.339073, 0.423304)
(0.339058, 0.532383)
(0.338992, 0.535495)
(0.339072, 0.437055)
(0.339164, 0.358441)
(0.339165, 0.456951)
(0.340055, 0.306240)
(0.339869, 0.367067)
(0.339652, 0.382643)
(0.339399, 0.353999)
(0.339269, 0.318325)
(0.339323, 0.475903)
(0.339462, 0.444107)
(0.339427, 0.463811)
(0.339639, 0.369105)
(0.339574, 0.537886)
(0.339751, 0.395945)
(0.339735, 0.454827)
(0.339658, 0.590032)
(0.339750, 0.434415)
(0.339788, 0.462160)
(0.339785, 0.467287)
(0.339863, 0.362333)
(0.339942, 0.442743)
(0.339896, 0.469804)
(0.339884, 0.578814)
(0.339920, 0.338154)
(0.340016, 0.421535)
(0.339987, 0.452015)
(0.340046, 0.491696)
(0.340333, 0.383248)
(0.340170, 0.446544)
(0.340096, 0.438110)
(0.340065, 0.416696)
(0.340121, 0.523450)
(0.340195, 0.418815)
(0.340192, 0.462153)
(0.340175, 0.529062)
(0.340325, 0.575785)
(0.340301, 0.442939)
(0.340274, 0.584196)
(0.340327, 0.338426)
(0.340394, 0.336901)
(0.340353, 0.402072)
(0.340470, 0.371227)
(0.340417, 0.385260)
(0.340412, 0.528392)
(0.340476, 0.482839)
(0.358927, 0.300945)
(0.348529, 0.300343)
(0.344421, 0.309375)
(0.342787, 0.324200)
(0.341524, 0.338077)
(0.340825, 0.399359)
(0.340629, 0.359505)
(0.340614, 0.313584)
(0.340517, 0.394870)
(0.340585, 0.564726)
(0.340621, 0.548988)
(0.340681, 0.501728)
(0.340643, 0.407054)
(0.340709, 0.525955)
(0.340688, 0.427583)
(0.340796, 0.596694)
(0.341208, 0.415219)
(0.341054, 0.389223)
(0.340901, 0.411548)
(0.340928, 0.506218)
(0.341189, 0.450572)
(0.341102, 0.548623)
(0.341181, 0.568949)
(0.341196, 0.431535)
(0.341313, 0.412061)
(0.341290, 0.500872)
(0.341464, 0.581833)
(0.341406, 0.558509)
(0.341522, 0.484875)
(0.341871, 0.310070)
(0.341713, 0.326633)
(0.341577, 0.394797)
(0.341550, 0.396328)
(0.341537, 0.451949)
(0.341566, 0.399638)
(0.341674, 0.384742)
(0.341779, 0.320613)
(0.341721, 0.351938)
(0.341713, 0.557865)
(0.341740, 0.485289)
(0.341738, 0.578875)
(0.341834, 0.428021)
(0.341849, 0.494503)
(0.342207, 0.360840)
(0.342042, 0.308416)
(0.342012, 0.478461)
(0.342001, 0.574852)
(0.342024, 0.397380)
(0.342175, 0.437691)
(0.342170, 0.567977)
(0.342396, 0.408544)
(0.342327, 0.490755)
(0.342249, 0.488101)
(0.342217, 0.580860)
(0.342243, 0.590802)
(0.342271, 0.548342)
(0.342255, 0.595477)
(0.342384, 0.434842)
(0.342524, 0.469809)
(0.342452, 0.357432)
(0.342738, 0.471544)
(0.342749, 0.501298)
(0.343578, 0.328921)
(0.343077, 0.314760)
(0.342984, 0.351497)
(0.342867, 0.490071)
(0.342823, 0.324784)
(0.342887, 0.502846)
(0.342874, 0.532281)
(0.342904, 0.392652)
(0.342994, 0.340354)
(0.343068, 0.380077)
(0.343282, 0.439213)
(0.343110, 0.458196)
(0.343082, 0.351065)
(0.343105, 0.543773)
(0.343197, 0.506856)
(0.343169, 0.558205)
(0.343193, 0.566159)
(0.343202, 0.471622)
(0.343251, 0.565283)
(0.343452, 0.412726)
(0.343332, 0.472752)
(0.343328, 0.489485)
(0.343403, 0.530691)
(0.343485, 0.325198)
(0.343769, 0.353510)
(0.343616, 0.356530)
(0.343601, 0.409667)
(0.343588, 0.592387)
(0.343605, 0.526201)
(0.343707, 0.474690)
(0.343660, 0.581472)
(0.343633, 0.533949)
(0.343698, 0.380908)
(0.343718, 0.419868)
(0.344139, 0.387579)
(0.343979, 0.399727)
(0.343932, 0.420552)
(0.343924, 0.545136)
(0.343854, 0.558582)
(0.343974, 0.396916)
(0.344024, 0.487822)
(0.343989, 0.388085)
(0.344014, 0.534805)
(0.344076, 0.411761)
(0.344034, 0.561607)
(0.344343, 0.408946)
(0.344227, 0.522974)
(0.344205, 0.520485)
(0.344298, 0.341208)
(0.344233, 0.523295)
(0.344328, 0.593191)
(0.344374, 0.495429)
(0.344405, 0.599253)
(0.346084, 0.335741)
(0.345172, 0.351989)
(0.344779, 0.302025)
(0.344643, 0.495539)
(0.344467, 0.432893)
(0.344458, 0.432101)
(0.344537, 0.538555)
(0.344507, 0.553126)
(0.344636, 0.325424)
(0.344682, 0.369971)
(0.344672, 0.473331)
(0.344738, 0.365985)
(0.344778, 0.511565)
(0.345043, 0.368388)
(0.344921, 0.512603)
(0.344885, 0.551431)
(0.345023, 0.357166)
(0.344957, 0.571196)
(0.345146, 0.375616)
(0.345118, 0.392106)
(0.345138, 0.548948)
(0.345166, 0.340058)
(0.345626, 0.346649)
(0.345414, 0.312438)
(0.345371, 0.374801)
(0.345275, 0.450035)
(0.345211, 0.581673)
(0.345338, 0.346955)
(0.345377, 0.377172)
(0.345591, 0.389191)
(0.345449, 0.516796)
(0.345424, 0.495109)
(0.345491, 0.519956)
(0.345449, 0.555799)
(0.345552, 0.461620)
(0.345600, 0.422093)
(0.345950, 0.359339)
(0.345730, 0.404471)
(0.345665, 0.405099)
(0.345638, 0.406304)
(0.345702, 0.467968)
(0.345846, 0.411956)
(0.345782, 0.577480)
(0.345931, 0.489311)
(0.346061, 0.462055)
(0.346048, 0.451742)
(0.346018, 0.488553)
(0.346064, 0.429639)
(0.347251, 0.320568)
(0.346532, 0.348465)
(0.346413, 0.381057)
(0.346161, 0.430473)
(0.346150, 0.303965)
(0.346127, 0.327260)
(0.346094, 0.348818)
(0.346159, 0.452868)
(0.346340, 0.462009)
(0.346194, 0.549114)
(0.346187, 0.589733)
(0.346330, 0.352051)
(0.346369, 0.526346)
(0.346488, 0.369835)
(0.346427, 0.384150)
(0.346479, 0.457807)
(0.346518, 0.347586)
(0.346490, 0.459639)
(0.346860, 0.321099)
(0.346778, 0.359351)
(0.346671, 0.514134)
(0.346597, 0.517794)
(0.346570, 0.534752)
(0.346717, 0.320893)
(0.346844, 0.475054)
(0.347135, 0.332665)
(0.346946, 0.486831)
(0.346922, 0.470189)
(0.347101, 0.381999)
(0.347085, 0.568891)
(0.347206, 0.429845)
(0.347852, 0.318354)
(0.347455, 0.353308)
(0.347361, 0.305094)
(0.347287, 0.427981)
(0.347268, 0.367269)
(0.347333, 0.304649)
(0.347332, 0.564784)
(0.347402, 0.417334)
(0.347367, 0.315954)
(0.347441, 0.439441)
(0.347407, 0.445931)
(0.347641, 0.417048)
(0.347492, 0.424667)
(0.347480, 0.547559)
(0.347535, 0.371669)
(0.347677, 0.328573)
(0.347650, 0.481032)
(0.347649, 0.584923)
(0.347664, 0.574304)
(0.347690, 0.440591)
(0.347753, 0.504953)
(0.348118, 0.308112)
(0.348089, 0.376342)
(0.347976, 0.397457)
(0.347862, 0.575620)
(0.348109, 0.574140)
(0.348100, 0.351972)
(0.348117, 0.522890)
(0.348409, 0.380156)
(0.348184, 0.460769)
(0.348166, 0.359788)
(0.348216, 0.415763)
(0.348528, 0.366115)
(0.348512, 0.418260)
(0.353539, 0.305555)
(0.350451, 0.305871)
(0.349545, 0.324794)
(0.348841, 0.318140)
(0.348679, 0.398025)
(0.348578, 0.334478)
(0.348539, 0.395695)
(0.348530, 0.527516)
(0.348573, 0.550764)
(0.348597, 0.577657)
(0.348585, 0.322515)
(0.348643, 0.467301)
(0.348653, 0.581767)
(0.348732, 0.485518)
(0.348721, 0.408650)
(0.348820, 0.599802)
(0.348761, 0.540659)
(0.348827, 0.575416)
(0.349158, 0.421158)
(0.349002, 0.352605)
(0.348916, 0.365387)
(0.349076, 0.381554)
(0.349019, 0.569077)
(0.349403, 0.425075)
(0.349294, 0.481042)
(0.349234, 0.337334)
(0.349318, 0.482754)
(0.349304, 0.478211)
(0.349390, 0.546698)
(0.349485, 0.523784)
(0.349431, 0.477656)
(0.349532, 0.497028)
(0.350087, 0.308022)
(0.349809, 0.378205)
(0.349650, 0.423941)
(0.349634, 0.348420)
(0.349740, 0.558703)
(0.349723, 0.562260)
(0.349764, 0.455774)
(0.349962, 0.350700)
(0.349894, 0.355131)
(0.349844, 0.461319)
(0.349954, 0.509446)
(0.349926, 0.577929)
(0.350029, 0.512658)
(0.349990, 0.587743)
(0.350051, 0.561443)
(0.350040, 0.597665)
(0.350312, 0.370386)
(0.350156, 0.321297)
(0.350119, 0.550133)
(0.350091, 0.558158)
(0.350153, 0.463798)
(0.350260, 0.542899)
(0.350196, 0.380955)
(0.350264, 0.487330)
(0.350322, 0.481738)
(0.350317, 0.380508)
(0.350370, 0.500412)
(0.350355, 0.318000)
(0.350351, 0.592579)
(0.350378, 0.508751)
(0.350375, 0.529850)
(0.350417, 0.557965)
(0.352083, 0.321167)
(0.351337, 0.363225)
(0.351106, 0.328251)
(0.350868, 0.303631)
(0.350735, 0.418497)
(0.350571, 0.524272)
(0.350478, 0.507471)
(0.350547, 0.580422)
(0.350661, 0.576816)
(0.350587, 0.596470)
(0.350811, 0.401868)
(0.351022, 0.405667)
(0.350960, 0.468150)
(0.350965, 0.533443)
(0.351030, 0.340813)
(0.351059, 0.599714)
(0.351255, 0.400901)
(0.351156, 0.430481)
(0.351131, 0.445857)
(0.351143, 0.566966)
(0.351237, 0.536875)
(0.351297, 0.528748)
(0.351269, 0.354923)
(0.351336, 0.505332)
(0.351649, 0.304838)
(0.351534, 0.494102)
(0.351403, 0.413404)
(0.351389, 0.323318)
(0.351361, 0.464377)
(0.351481, 0.494682)
(0.351420, 0.413381)
(0.351462, 0.537306)
(0.351498, 0.524355)
(0.351584, 0.448535)
(0.351546, 0.476204)
(0.351600, 0.465276)
(0.351800, 0.367626)
(0.351767, 0.320910)
(0.351709, 0.558063)
(0.351927, 0.383302)
(0.351920, 0.569791)
(0.351900, 0.538273)
(0.351926, 0.390321)
(0.352013, 0.444841)
(0.351997, 0.495494)
(0.352032, 0.397741)
(0.352778, 0.373327)
(0.352528, 0.323858)
(0.352276, 0.321934)
(0.352144, 0.461978)
(0.352110, 0.332949)
(0.352126, 0.505324)
(0.352216, 0.487792)
(0.352151, 0.473865)
(0.352226, 0.547585)
(0.352366, 0.426835)
(0.352340, 0.439459)
(0.352278, 0.481861)
(0.352363, 0.469853)
(0.352365, 0.497412)
(0.352445, 0.496333)
(0.352439, 0.389044)
(0.352395, 0.525900)
(0.352462, 0.458963)
(0.352686, 0.407056)
(0.352615, 0.557485)
(0.352611, 0.497798)
(0.352636, 0.422824)
(0.352711, 0.442707)
(0.352693, 0.351513)
(0.352694, 0.528302)
(0.352756, 0.457106)
(0.352723, 0.513954)
(0.353162, 0.334838)
(0.352979, 0.391599)
(0.352850, 0.393315)
(0.352815, 0.447421)
(0.352812, 0.443614)
(0.352848, 0.400521)
(0.352840, 0.566664)
(0.352938, 0.374103)
(0.352926, 0.542192)
(0.352955, 0.437433)
(0.353091, 0.337370)
(0.353044, 0.423228)
(0.353030, 0.437650)
(0.353069, 0.599370)
(0.353158, 0.392573)
(0.353108, 0.530773)
(0.353492, 0.353574)
(0.353281, 0.301563)
(0.353227, 0.403592)
(0.353203, 0.497298)
(0.353270, 0.378327)
(0.353306, 0.365563)
(0.353476, 0.592504)
(0.353494, 0.339099)
(0.353505, 0.376328)
(0.355834, 0.315647)
(0.354399, 0.310073)
(0.354086, 0.396305)
(0.353772, 0.320096)
(0.353608, 0.362376)
(0.353554, 0.393236)
(0.353553, 0.519461)
(0.353599, 0.425238)
(0.353694, 0.437306)
(0.353649, 0.481832)
(0.353766, 0.325840)
(0.353926, 0.482152)
(0.353889, 0.393159)
(0.354012, 0.547368)
(0.353928, 0.560970)
(0.354039, 0.543558)
(0.354040, 0.594031)
(0.354151, 0.326220)
(0.354087, 0.502818)
(0.354087, 0.307943)
(0.354116, 0.566533)
(0.354104, 0.503143)
(0.354146, 0.426574)
(0.354342, 0.344577)
(0.354298, 0.537163)
(0.354221, 0.545657)
(0.354157, 0.565385)
(0.354341, 0.444578)
(0.354353, 0.464942)
(0.354349, 0.479314)
(0.355092, 0.369072)
(0.354747, 0.303125)
(0.354516, 0.314067)
(0.354461, 0.506902)
(0.354414, 0.385535)
(0.354515, 0.426583)
(0.354618, 0.496153)
(0.354568, 0.327574)
(0.354677, 0.502535)
(0.354711, 0.556838)
(0.354815, 0.419748)
(0.354765, 0.497579)
(0.354763, 0.407034)
(0.354775, 0.545365)
(0.354801, 0.587476)
(0.354927, 0.462290)
(0.354831, 0.358863)
(0.355052, 0.453993)
(0.355030, 0.481708)
(0.355636, 0.373394)
(0.355439, 0.483070)
(0.355266, 0.549798)
(0.355120, 0.477412)
(0.355145, 0.555494)
(0.355361, 0.537634)
(0.355402, 0.588043)
(0.355548, 0.438361)
(0.355604, 0.593612)
(0.355742, 0.316715)
(0.355699, 0.451698)
(0.355726, 0.554593)
(0.355816, 0.515890)
(0.355814, 0.351728)
(0.355818, 0.512826)
(0.357223, 0.314826)
(0.356220, 0.433330)
(0.355877, 0.338951)
(0.355861, 0.389079)
(0.355847, 0.358575)
(0.355866, 0.404870)
(0.355865, 0.425368)
(0.356010, 0.515270)
(0.355906, 0.402002)
(0.356140, 0.470244)
(0.356069, 0.525185)
(0.356076, 0.598399)
(0.356201, 0.522471)
(0.356140, 0.578491)
(0.356692, 0.331036)
(0.356460, 0.434176)
(0.356415, 0.532867)
(0.356322, 0.587221)
(0.356228, 0.570825)
(0.356269, 0.591383)
(0.356386, 0.468976)
(0.356451, 0.525882)
(0.356536, 0.341810)
(0.356464, 0.506951)
(0.356675, 0.501968)
(0.356621, 0.454440)
(0.356688, 0.532090)
(0.356900, 0.342281)
(0.356859, 0.357252)
(0.356764, 0.370781)
(0.356735, 0.521984)
(0.356798, 0.323641)
(0.356874, 0.494609)
(0.356859, 0.408173)
(0.356896, 0.467784)
(0.357052, 0.487420)
(0.357030, 0.498980)
(0.357103, 0.394882)
(0.357069, 0.525660)
(0.357065, 0.526963)
(0.357100, 0.531235)
(0.357152, 0.502060)
(0.358068, 0.304442)
(0.357793, 0.303093)
(0.357578, 0.354649)
(0.357480, 0.541417)
(0.357395, 0.366997)
(0.357484, 0.521209)
(0.357561, 0.561499)
(0.357667, 0.395756)
(0.357621, 0.583244)
(0.357603, 0.501035)
(0.357638, 0.378707)
(0.357677, 0.381360)
(0.357670, 0.500795)
(0.357751, 0.543347)
(0.357902, 0.369604)
(0.357898, 0.319348)
(0.357865, 0.390312)
(0.358048, 0.402028)
(0.358039, 0.379046)
(0.357943, 0.456974)
(0.358042, 0.438910)
(0.358062, 0.404669)
(0.358592, 0.328463)
(0.358300, 0.416548)
(0.358212, 0.535760)
(0.358114, 0.591686)
(0.358225, 0.555915)
(0.358262, 0.597905)
(0.358542, 0.333691)
(0.358332, 0.362340)
(0.358563, 0.307504)
(0.358545, 0.428988)
(0.358720, 0.454292)
(0.358670, 0.323513)
(0.358643, 0.507536)
(0.358913, 0.477902)
(0.358770, 0.486380)
(0.358916, 0.527944)
(0.364574, 0.308162)
(0.360711, 0.314776)
(0.359981, 0.421817)
(0.359299, 0.303342)
(0.359024, 0.388731)
(0.359005, 0.318894)
(0.358996, 0.472329)
(0.358980, 0.509738)
(0.358959, 0.536987)
(0.359003, 0.528364)
(0.359000, 0.563205)
(0.359010, 0.503450)
(0.359131, 0.342463)
(0.359100, 0.441151)
(0.359089, 0.547801)
(0.359242, 0.367384)
(0.359237, 0.546626)
(0.359524, 0.370565)
(0.359411, 0.422117)
(0.359334, 0.593771)
(0.359327, 0.435628)
(0.359398, 0.371429)
(0.359446, 0.339166)
(0.359691, 0.330951)
(0.359632, 0.513046)
(0.359559, 0.321469)
(0.359662, 0.498875)
(0.359747, 0.379088)
(0.359715, 0.441615)
(0.359755, 0.467226)
(0.359937, 0.486848)
(0.360228, 0.304148)
(0.360056, 0.352112)
(0.359990, 0.380495)
(0.360185, 0.432311)
(0.360161, 0.446482)
(0.360148, 0.329221)
(0.360161, 0.454644)
(0.360203, 0.383459)
(0.360192, 0.525692)
(0.360379, 0.320878)
(0.360319, 0.377403)
(0.360257, 0.333125)
(0.360255, 0.593091)
(0.360231, 0.594580)
(0.360290, 0.462674)
(0.360334, 0.358063)
(0.360591, 0.363686)
(0.360490, 0.343231)
(0.360436, 0.533196)
(0.360436, 0.496203)
(0.360457, 0.563222)
(0.360535, 0.518281)
(0.360606, 0.335454)
(0.360683, 0.532143)
(0.362834, 0.368555)
(0.361441, 0.331921)
(0.361102, 0.356715)
(0.360956, 0.336189)
(0.360828, 0.479909)
(0.360763, 0.335399)
(0.360728, 0.495146)
(0.360732, 0.586619)
(0.360766, 0.557318)
(0.360766, 0.573329)
(0.360949, 0.482256)
(0.360894, 0.578747)
(0.360982, 0.345524)
(0.360966, 0.449742)
(0.360962, 0.482462)
(0.361046, 0.527833)
(0.361023, 0.481658)
(0.361047, 0.386825)
(0.361183, 0.402577)
(0.361166, 0.534181)
(0.361162, 0.455466)
(0.361175, 0.456574)
(0.361343, 0.436360)
(0.361259, 0.506564)
(0.361409, 0.557902)
(0.361406, 0.560938)
(0.361794, 0.319267)
(0.361667, 0.372553)
(0.361577, 0.443601)
(0.361489, 0.473081)
(0.361520, 0.565025)
(0.361596, 0.400617)
(0.361665, 0.485379)
(0.361727, 0.484475)
(0.361707, 0.372247)
(0.361760, 0.583211)
(0.362344, 0.424039)
(0.362050, 0.329759)
(0.361960, 0.377277)
(0.361896, 0.517769)
(0.361845, 0.455353)
(0.361926, 0.524394)
(0.361976, 0.489120)
(0.362080, 0.498083)
(0.362068, 0.439643)
(0.362059, 0.567717)
(0.362255, 0.591485)
(0.362128, 0.564482)
(0.362314, 0.520637)
(0.362462, 0.316969)
(0.362422, 0.412818)
(0.362364, 0.481320)
(0.362369, 0.591875)
(0.362425, 0.530684)
(0.362624, 0.424010)
(0.362544, 0.408834)
(0.362602, 0.506456)
(0.362687, 0.309282)
(0.362769, 0.577524)
(0.363393, 0.374615)
(0.363183, 0.402492)
(0.363085, 0.387203)
(0.362877, 0.465282)
(0.362863, 0.347167)
(0.362925, 0.518693)
(0.362905, 0.471277)
(0.362930, 0.544071)
(0.363151, 0.475640)
(0.363085, 0.485752)
(0.363178, 0.550914)
(0.363280, 0.477330)
(0.363253, 0.479164)
(0.363234, 0.498798)
(0.363256, 0.599391)
(0.363358, 0.481553)
(0.363308, 0.486467)
(0.363284, 0.500185)
(0.363392, 0.464161)
(0.363906, 0.329837)
(0.363700, 0.341988)
(0.363669, 0.447505)
(0.363443, 0.486911)
(0.363408, 0.530860)
(0.363606, 0.439695)
(0.363633, 0.535668)
(0.363680, 0.438807)
(0.363878, 0.370819)
(0.363782, 0.533399)
(0.363780, 0.514058)
(0.363784, 0.563783)
(0.363905, 0.345019)
(0.363883, 0.540590)
(0.364060, 0.339097)
(0.363984, 0.430738)
(0.363938, 0.445560)
(0.364037, 0.534391)
(0.363987, 0.541017)
(0.364053, 0.597991)
(0.364407, 0.483890)
(0.364334, 0.549307)
(0.364193, 0.323298)
(0.364263, 0.567636)
(0.364338, 0.549214)
(0.364438, 0.476920)
(0.369892, 0.301632)
(0.367287, 0.320871)
(0.365287, 0.308110)
(0.365143, 0.339649)
(0.364898, 0.434762)
(0.364849, 0.358645)
(0.364780, 0.320038)
(0.364695, 0.598031)
(0.364653, 0.568001)
(0.364755, 0.472154)
(0.364828, 0.494416)
(0.364852, 0.447512)
(0.365009, 0.307682)
(0.364919, 0.450987)
(0.364904, 0.402956)
(0.364953, 0.542315)
(0.364930, 0.577969)
(0.365077, 0.365181)
(0.365060, 0.529625)
(0.365129, 0.523985)
(0.365169, 0.352900)
(0.365144, 0.410255)
(0.365237, 0.411799)
(0.365181, 0.493283)
(0.365231, 0.519363)
(0.365284, 0.388679)
(0.366432, 0.346732)
(0.365846, 0.332543)
(0.365554, 0.418950)
(0.365365, 0.493667)
(0.365354, 0.528608)
(0.365501, 0.306956)
(0.365469, 0.531141)
(0.365494, 0.592114)
(0.365545, 0.576181)
(0.365598, 0.410533)
(0.365565, 0.432149)
(0.365677, 0.479308)
(0.365623, 0.570815)
(0.365844, 0.535142)
(0.366070, 0.303799)
(0.365871, 0.355077)
(0.365866, 0.403750)
(0.366043, 0.466008)
(0.365884, 0.538077)
(0.365874, 0.361155)
(0.365959, 0.550748)
(0.366063, 0.423641)
(0.366212, 0.310202)
(0.366147, 0.538228)
(0.366146, 0.576081)
(0.366196, 0.589592)
(0.366186, 0.596327)
(0.366389, 0.356176)
(0.366311, 0.542031)
(0.366281, 0.545198)
(0.366377, 0.443969)
(0.366401, 0.360020)
(0.366861, 0.381444)
(0.366603, 0.484833)
(0.366563, 0.510363)
(0.366439, 0.547453)
(0.366559, 0.596317)
(0.366565, 0.427094)
(0.366576, 0.578872)
(0.366686, 0.326703)
(0.366627, 0.342920)
(0.366693, 0.565275)
(0.366687, 0.515891)
(0.366767, 0.323836)
(0.367042, 0.449051)
(0.366966, 0.500057)
(0.366869, 0.450559)
(0.366934, 0.587357)
(0.367028, 0.447531)
(0.366993, 0.544767)
(0.367073, 0.570205)
(0.367056, 0.479363)
(0.367135, 0.374250)
(0.367100, 0.577179)
(0.367194, 0.585669)
(0.368715, 0.309752)
(0.367926, 0.336995)
(0.367719, 0.462672)
(0.367440, 0.383322)
(0.367307, 0.562543)
(0.367303, 0.416437)
(0.367408, 0.546337)
(0.367383, 0.572979)
(0.367647, 0.311370)
(0.367509, 0.495402)
(0.367483, 0.546874)
(0.367665, 0.533537)
(0.367669, 0.550633)
(0.367827, 0.407345)
(0.367787, 0.343661)
(0.367773, 0.445677)
(0.367787, 0.374605)
(0.367871, 0.470619)
(0.367835, 0.527723)
(0.367885, 0.556575)
(0.367877, 0.580799)
(0.368368, 0.327530)
(0.368056, 0.336901)
(0.368050, 0.519003)
(0.368001, 0.419301)
(0.367983, 0.587574)
(0.367979, 0.575448)
(0.367997, 0.537647)
(0.368019, 0.547531)
(0.368054, 0.488163)
(0.368322, 0.415420)
(0.368143, 0.538951)
(0.368196, 0.553858)
(0.368330, 0.477274)
(0.368581, 0.338657)
(0.368437, 0.487728)
(0.368421, 0.322849)
(0.368548, 0.433111)
(0.368490, 0.529354)
(0.368634, 0.405080)
(0.368624, 0.594972)
(0.368688, 0.470379)
(0.369246, 0.459630)
(0.368994, 0.307499)
(0.368935, 0.332853)
(0.368893, 0.438734)
(0.368853, 0.380484)
(0.368828, 0.487034)
(0.368786, 0.588072)
(0.368875, 0.575169)
(0.368918, 0.425732)
(0.368926, 0.488156)
(0.368962, 0.446559)
(0.368956, 0.395596)
(0.368987, 0.314095)
(0.368971, 0.453606)
(0.369126, 0.398930)
(0.369023, 0.379235)
(0.369010, 0.515516)
(0.369245, 0.310599)
(0.369450, 0.336429)
(0.369390, 0.528247)
(0.369366, 0.440612)
(0.369387, 0.577263)
(0.369424, 0.495009)
(0.369429, 0.539210)
(0.369646, 0.564513)
(0.369494, 0.330067)
(0.369470, 0.471350)
(0.369451, 0.525746)
(0.369546, 0.452388)
(0.369818, 0.528178)
(0.369762, 0.550769)
(0.369797, 0.566338)
(0.369841, 0.496759)
(0.372634, 0.301905)
(0.371925, 0.313058)
(0.370968, 0.331156)
(0.370427, 0.417365)
(0.370059, 0.349891)
(0.369926, 0.357111)
(0.369920, 0.342083)
(0.369918, 0.429282)
(0.369950, 0.423830)
(0.369981, 0.451951)
(0.370209, 0.532787)
(0.370135, 0.423856)
(0.370219, 0.421661)
(0.370214, 0.577763)
(0.370233, 0.562627)
(0.370760, 0.423986)
(0.370684, 0.332568)
(0.370569, 0.413124)
(0.370566, 0.456924)
(0.370574, 0.483850)
(0.370747, 0.472303)
(0.370700, 0.589686)
(0.370893, 0.481154)
(0.370869, 0.545340)
(0.370774, 0.485250)
(0.370891, 0.532771)
(0.370938, 0.513288)
(0.370918, 0.354984)
(0.370940, 0.504014)
(0.371562, 0.398388)
(0.371259, 0.405248)
(0.371061, 0.335382)
(0.371058, 0.312284)
(0.371007, 0.466611)
(0.371248, 0.406816)
(0.371186, 0.466858)
(0.371129, 0.527930)
(0.371248, 0.444661)
(0.371430, 0.391558)
(0.371331, 0.465659)
(0.371324, 0.497281)
(0.371543, 0.440129)
(0.371715, 0.320208)
(0.371655, 0.306154)
(0.371598, 0.521258)
(0.371579, 0.577706)
(0.371607, 0.366253)
(0.371690, 0.492800)
(0.371709, 0.495399)
(0.371903, 0.494785)
(0.371819, 0.530486)
(0.371789, 0.515220)
(0.371838, 0.532113)
(0.371874, 0.586348)
(0.371914, 0.331197)
(0.371910, 0.544470)
(0.371923, 0.462953)
(0.372360, 0.307780)
(0.372093, 0.316079)
(0.371961, 0.403647)
(0.371942, 0.518220)
(0.371939, 0.572708)
(0.372035, 0.552585)
(0.371991, 0.586722)
(0.372091, 0.321423)
(0.372183, 0.393186)
(0.372174, 0.548732)
(0.372160, 0.591339)
(0.372128, 0.573339)
(0.372173, 0.367726)
(0.372182, 0.472650)
(0.372303, 0.355636)
(0.372227, 0.593597)
(0.372189, 0.586236)
(0.372243, 0.424078)
(0.372349, 0.580036)
(0.372442, 0.335841)
(0.372391, 0.313059)
(0.372389, 0.363389)
(0.372420, 0.571073)
(0.372537, 0.387502)
(0.372533, 0.324783)
(0.372453, 0.442091)
(0.372541, 0.384252)
(0.372537, 0.567276)
(0.372620, 0.465165)
(0.373322, 0.342920)
(0.372973, 0.302117)
(0.372826, 0.316358)
(0.372677, 0.323552)
(0.372654, 0.471418)
(0.372745, 0.390921)
(0.372684, 0.518224)
(0.372756, 0.531009)
(0.372782, 0.552212)
(0.372855, 0.370177)
(0.372836, 0.398137)
(0.372826, 0.559023)
(0.372850, 0.538527)
(0.372925, 0.558147)
(0.372900, 0.345645)
(0.372949, 0.424329)
(0.372926, 0.563477)
(0.373128, 0.322347)
(0.373043, 0.455797)
(0.373024, 0.358893)
(0.373008, 0.524013)
(0.373071, 0.580227)
(0.373046, 0.468511)
(0.373096, 0.411410)
(0.373139, 0.387193)
(0.373132, 0.556991)
(0.373235, 0.484085)
(0.373152, 0.575752)
(0.373239, 0.584921)
(0.374188, 0.482560)
(0.373881, 0.300831)
(0.373658, 0.421827)
(0.373488, 0.430082)
(0.373417, 0.489008)
(0.373354, 0.429083)
(0.373479, 0.511733)
(0.373544, 0.413361)
(0.373509, 0.507259)
(0.373525, 0.584177)
(0.373564, 0.464527)
(0.373627, 0.590887)
(0.373704, 0.329926)
(0.373689, 0.371381)
(0.373723, 0.313744)
(0.373852, 0.597708)
(0.374038, 0.377804)
(0.373936, 0.302257)
(0.373926, 0.477622)
(0.373928, 0.598722)
(0.374004, 0.498727)
(0.373941, 0.510447)
(0.374187, 0.437725)
(0.374171, 0.594475)
(0.374424, 0.314039)
(0.374356, 0.336030)
(0.374274, 0.422209)
(0.374232, 0.482765)
(0.374283, 0.566510)
(0.374309, 0.574225)
(0.374416, 0.481678)
(0.374384, 0.457199)
(0.374413, 0.538752)
(0.374419, 0.354495)
(0.374584, 0.347863)
(0.374456, 0.479630)
(0.374443, 0.521024)
(0.374449, 0.527006)
(0.374534, 0.552163)
(0.374489, 0.546211)
(0.374516, 0.579144)
(0.374535, 0.519342)
(0.374891, 0.418476)
(0.374831, 0.525791)
(0.374604, 0.426170)
(0.374688, 0.596847)
(0.374854, 0.526676)
(0.374946, 0.327326)
(0.374944, 0.482023)
(0.374924, 0.587096)
(0.375038, 0.563304)
(0.393094, 0.301935)
(0.381210, 0.305873)
(0.379498, 0.319443)
(0.377862, 0.302767)
(0.376452, 0.323242)
(0.375666, 0.311323)
(0.375501, 0.305578)
(0.375325, 0.508909)
(0.375132, 0.584222)
(0.375128, 0.548043)
(0.375201, 0.560041)
(0.375266, 0.596396)
(0.375395, 0.489818)
(0.375337, 0.345402)
(0.375452, 0.332450)
(0.375600, 0.348610)
(0.375530, 0.470105)
(0.375523, 0.593743)
(0.375597, 0.542116)
(0.375664, 0.317789)
(0.375996, 0.335871)
(0.375776, 0.368007)
(0.375730, 0.323585)
(0.375674, 0.547339)
(0.375706, 0.557973)
(0.375757, 0.556646)
(0.375953, 0.340204)
(0.375836, 0.356417)
(0.375828, 0.584981)
(0.375994, 0.347181)
(0.376351, 0.311845)
(0.376234, 0.354267)
(0.376134, 0.581602)
(0.376094, 0.599840)
(0.376139, 0.341259)
(0.376293, 0.497939)
(0.376277, 0.500019)
(0.376260, 0.593801)
(0.376349, 0.401705)
(0.376349, 0.561553)
(0.376419, 0.448830)
(0.376401, 0.352743)
(0.376430, 0.460156)
(0.376445, 0.521977)
(0.376917, 0.383071)
(0.376762, 0.336271)
(0.376542, 0.339879)
(0.376519, 0.421021)
(0.376469, 0.376302)
(0.376480, 0.558665)
(0.376530, 0.536171)
(0.376540, 0.576135)
(0.376574, 0.574141)
(0.376548, 0.413195)
(0.376679, 0.363105)
(0.376622, 0.579617)
(0.376817, 0.378687)
(0.376815, 0.416687)
(0.376795, 0.529277)
(0.376836, 0.504091)
(0.377421, 0.318718)
(0.377226, 0.513675)
(0.377091, 0.544559)
(0.376991, 0.531895)
(0.376951, 0.591275)
(0.377001, 0.576519)
(0.377110, 0.331729)
(0.377394, 0.452445)
(0.377249, 0.521753)
(0.377246, 0.588960)
(0.377414, 0.476892)
(0.377706, 0.342091)
(0.377624, 0.415682)
(0.377435, 0.366974)
(0.377496, 0.449701)
(0.377686, 0.462239)
(0.377677, 0.363923)
(0.377694, 0.442105)
(0.377716, 0.325626)
(0.377756, 0.388058)
(0.378844, 0.311879)
(0.378349, 0.363197)
(0.378128, 0.463833)
(0.377985, 0.456001)
(0.377887, 0.505537)
(0.377879, 0.440969)
(0.377863, 0.541850)
(0.377980, 0.512287)
(0.378008, 0.333961)
(0.377992, 0.385024)
(0.378036, 0.450991)
(0.378024, 0.478074)
(0.378084, 0.474785)
(0.378203, 0.358088)
(0.378145, 0.439885)
(0.378251, 0.396970)
(0.378215, 0.376075)
(0.378281, 0.572265)
(0.378268, 0.542427)
(0.378324, 0.406306)
(0.378515, 0.352761)
(0.378438, 0.361713)
(0.378419, 0.383960)
(0.378392, 0.471433)
(0.378467, 0.474472)
(0.378443, 0.410079)
(0.378504, 0.569584)
(0.378623, 0.424651)
(0.378578, 0.319897)
(0.378539, 0.369261)
(0.378623, 0.369968)
(0.378788, 0.477948)
(0.378677, 0.502786)
(0.378675, 0.563954)
(0.378678, 0.545483)
(0.378747, 0.565217)
(0.378818, 0.387154)
(0.379103, 0.348488)
(0.378942, 0.453412)
(0.378906, 0.388419)
(0.378872, 0.352101)
(0.378939, 0.511160)
(0.378927, 0.554255)
(0.378985, 0.363374)
(0.378974, 0.474765)
(0.378989, 0.365419)
(0.379278, 0.322588)
(0.379212, 0.590528)
(0.379166, 0.401732)
(0.379234, 0.395927)
(0.379331, 0.333271)
(0.379284, 0.370457)
(0.379444, 0.388095)
(0.379469, 0.540167)
(0.380116, 0.336774)
(0.379694, 0.333209)
(0.379540, 0.337946)
(0.379503, 0.408767)
(0.379501, 0.351497)
(0.379532, 0.390554)
(0.379505, 0.534041)
(0.379581, 0.316269)
(0.379541, 0.548875)
(0.379681, 0.433231)
(0.379644, 0.584455)
(0.379956, 0.405497)
(0.379810, 0.506604)
(0.379771, 0.537890)
(0.379733, 0.534944)
(0.379775, 0.352693)
(0.379938, 0.459238)
(0.379846, 0.567961)
(0.379952, 0.524831)
(0.380071, 0.356850)
(0.380017, 0.446966)
(0.380005, 0.543921)
(0.379990, 0.552198)
(0.380064, 0.511256)
(0.380020, 0.589807)
(0.380092, 0.325565)
(0.380092, 0.544534)
(0.380633, 0.317018)
(0.380429, 0.302854)
(0.380342, 0.334807)
(0.380266, 0.393021)
(0.380160, 0.387455)
(0.380179, 0.585998)
(0.380315, 0.522938)
(0.380282, 0.523428)
(0.380390, 0.399482)
(0.380365, 0.390194)
(0.380375, 0.517766)
(0.380408, 0.372727)
(0.380530, 0.424671)
(0.380468, 0.472665)
(0.380463, 0.524852)
(0.380496, 0.578360)
(0.380561, 0.516050)
(0.380530, 0.560529)
(0.380554, 0.594610)
(0.380579, 0.353081)
(0.380898, 0.375176)
(0.380830, 0.515913)
(0.380695, 0.528316)
(0.380655, 0.573331)
(0.380822, 0.388153)
(0.380869, 0.386483)
(0.380897, 0.591172)
(0.381048, 0.300460)
(0.381034, 0.318908)
(0.380922, 0.452420)
(0.380993, 0.582864)
(0.381038, 0.469668)
(0.381123, 0.305470)
(0.381060, 0.347095)
(0.381071, 0.560195)
(0.381177, 0.479996)
(0.381131, 0.364515)
(0.381207, 0.474262)
(0.386449, 0.302679)
(0.384548, 0.300203)
(0.383424, 0.309372)
(0.381750, 0.311344)
(0.381631, 0.315672)
(0.381555, 0.333321)
(0.381431, 0.475056)
(0.381296, 0.497582)
(0.381230, 0.429382)
(0.381351, 0.500696)
(0.381497, 0.402805)
(0.381550, 0.576987)
(0.381607, 0.439619)
(0.381592, 0.319626)
(0.381612, 0.446695)
(0.381609, 0.556895)
(0.381662, 0.320575)
(0.381637, 0.392505)
(0.381632, 0.329795)
(0.381642, 0.502395)
(0.381708, 0.388925)
(0.381671, 0.562707)
(0.382607, 0.320951)
(0.382204, 0.331210)
(0.381857, 0.371467)
(0.381833, 0.458905)
(0.381759, 0.462746)
(0.381851, 0.593469)
(0.381888, 0.367256)
(0.381866, 0.497796)
(0.381988, 0.466128)
(0.382165, 0.553385)
(0.382373, 0.407453)
(0.382236, 0.381141)
(0.382536, 0.521021)
(0.382459, 0.321006)
(0.382481, 0.551025)
(0.382579, 0.437659)
(0.382572, 0.557802)
(0.382884, 0.316058)
(0.382823, 0.398339)
(0.382645, 0.529944)
(0.382617, 0.491933)
(0.382704, 0.503861)
(0.382676, 0.585304)
(0.382880, 0.469506)
(0.383353, 0.353091)
(0.383032, 0.578206)
(0.382948, 0.468787)
(0.383280, 0.477770)
(0.383318, 0.593908)
(0.383415, 0.352281)
(0.383418, 0.401145)
(0.383892, 0.305586)
(0.383572, 0.322200)
(0.383512, 0.345498)
(0.383477, 0.407536)
(0.383544, 0.518921)
(0.383517, 0.425638)
(0.383556, 0.383750)
(0.383656, 0.313932)
(0.383597, 0.402308)
(0.383578, 0.366131)
(0.383609, 0.591164)
(0.383604, 0.523168)
(0.383646, 0.450787)
(0.383776, 0.329405)
(0.383733, 0.561553)
(0.383710, 0.591069)
(0.383822, 0.547904)
(0.383841, 0.574429)
(0.384257, 0.324080)
(0.384097, 0.468325)
(0.384081, 0.492289)
(0.384006, 0.513869)
(0.383965, 0.384313)
(0.384020, 0.571586)
(0.384082, 0.488382)
(0.384141, 0.302351)
(0.384104, 0.318969)
(0.384180, 0.351537)
(0.384409, 0.440592)
(0.384296, 0.527416)
(0.384273, 0.407075)
(0.384377, 0.520888)
(0.384360, 0.591614)
(0.384408, 0.595462)
(0.384466, 0.395427)
(0.384456, 0.483216)
(0.384545, 0.583251)
(0.384511, 0.423256)
(0.384547, 0.553231)
(0.385577, 0.302722)
(0.385050, 0.371374)
(0.384778, 0.318957)
(0.384671, 0.376017)
(0.384611, 0.398927)
(0.384554, 0.425913)
(0.384561, 0.540706)
(0.384643, 0.338321)
(0.384720, 0.372120)
(0.384675, 0.586383)
(0.384745, 0.467840)
(0.384939, 0.399416)
(0.384863, 0.555543)
(0.384845, 0.421804)
(0.384922, 0.363900)
(0.384920, 0.558370)
(0.385000, 0.448259)
(0.384981, 0.465929)
(0.385009, 0.379234)
(0.385009, 0.586520)
(0.385309, 0.372400)
(0.385192, 0.403598)
(0.385125, 0.390324)
(0.385089, 0.537058)
(0.385070, 0.585202)
(0.385158, 0.491146)
(0.385217, 0.482898)
(0.385213, 0.532807)
(0.385242, 0.490814)
(0.385219, 0.548283)
(0.385438, 0.339641)
(0.385399, 0.503898)
(0.385382, 0.491026)
(0.385412, 0.561928)
(0.385517, 0.496840)
(0.385497, 0.513839)
(0.385874, 0.364909)
(0.385752, 0.371892)
(0.385643, 0.348788)
(0.385631, 0.450007)
(0.385595, 0.554450)
(0.385709, 0.466489)
(0.385658, 0.467285)
(0.385815, 0.428154)
(0.385814, 0.369818)
(0.385786, 0.597783)
(0.385857, 0.391413)
(0.386265, 0.478765)
(0.386033, 0.454152)
(0.386019, 0.454646)
(0.386005, 0.498101)
(0.386028, 0.583551)
(0.386203, 0.518991)
(0.386059, 0.506699)
(0.386075, 0.592566)
(0.386211, 0.369125)
(0.386428, 0.394483)
(0.386317, 0.529573)
(0.386287, 0.509165)
(0.386364, 0.473477)
(0.386423, 0.564933)
(0.386446, 0.397526)
(0.386438, 0.471319)
(0.389609, 0.315812)
(0.388520, 0.301087)
(0.387444, 0.342077)
(0.386859, 0.356686)
(0.386707, 0.360954)
(0.386519, 0.373671)
(0.386513, 0.392283)
(0.386456, 0.590779)
(0.386587, 0.407054)
(0.386542, 0.505205)
(0.386523, 0.558740)
(0.386566, 0.373812)
(0.386600, 0.425302)
(0.386684, 0.482832)
(0.386796, 0.349441)
(0.386761, 0.507760)
(0.386747, 0.406593)
(0.386777, 0.488776)
(0.386808, 0.422839)
(0.386817, 0.469451)
(0.387167, 0.379807)
(0.387013, 0.413804)
(0.386885, 0.389520)
(0.386862, 0.502024)
(0.386875, 0.589163)
(0.386891, 0.496874)
(0.386994, 0.511700)
(0.387033, 0.456568)
(0.387027, 0.435342)
(0.387121, 0.505568)
(0.387089, 0.464404)
(0.387150, 0.553314)
(0.387341, 0.475463)
(0.387234, 0.502901)
(0.387186, 0.537947)
(0.387177, 0.478773)
(0.387213, 0.560195)
(0.387247, 0.347646)
(0.387388, 0.413701)
(0.387349, 0.458630)
(0.387416, 0.397608)
(0.387392, 0.589981)
(0.387797, 0.330962)
(0.387619, 0.373227)
(0.387492, 0.354663)
(0.387465, 0.514589)
(0.387461, 0.425558)
(0.387473, 0.451650)
(0.387465, 0.548893)
(0.387561, 0.364163)
(0.387523, 0.430835)
(0.387493, 0.497659)
(0.387574, 0.374986)
(0.387668, 0.379880)
(0.387638, 0.408618)
(0.387743, 0.486445)
(0.387702, 0.463377)
(0.387791, 0.552486)
(0.387763, 0.387868)
(0.387795, 0.591038)
(0.387998, 0.344273)
(0.387849, 0.464101)
(0.387820, 0.492692)
(0.387975, 0.359172)
(0.387880, 0.495701)
(0.388226, 0.465377)
(0.388164, 0.426304)
(0.388026, 0.511513)
(0.388142, 0.584767)
(0.388164, 0.570160)
(0.388399, 0.428024)
(0.388274, 0.502667)
(0.388249, 0.543366)
(0.388281, 0.567120)
(0.388477, 0.542719)
(0.389062, 0.345695)
(0.388714, 0.383618)
(0.388675, 0.328533)
(0.388655, 0.475920)
(0.388547, 0.547856)
(0.388671, 0.528565)
(0.388712, 0.521565)
(0.388946, 0.425223)
(0.388814, 0.521574)
(0.388813, 0.390640)
(0.388823, 0.593992)
(0.389012, 0.453478)
(0.389005, 0.353900)
(0.389049, 0.539089)
(0.389015, 0.555135)
(0.389186, 0.436866)
(0.389144, 0.425500)
(0.389115, 0.383331)
(0.389115, 0.488938)
(0.389164, 0.411234)
(0.389156, 0.560494)
(0.389175, 0.470174)
(0.389335, 0.419333)
(0.389282, 0.337009)
(0.389209, 0.535842)
(0.389192, 0.463676)
(0.389269, 0.466593)
(0.389289, 0.501479)
(0.389284, 0.557292)
(0.389331, 0.386735)
(0.389562, 0.405258)
(0.389491, 0.496657)
(0.389433, 0.561114)
(0.389404, 0.515568)
(0.389453, 0.566208)
(0.389536, 0.599063)
(0.389511, 0.568069)
(0.389541, 0.538043)
(0.389596, 0.481783)
(0.391385, 0.311084)
(0.390404, 0.327895)
(0.390067, 0.338456)
(0.389820, 0.416480)
(0.389743, 0.484238)
(0.389652, 0.461445)
(0.389664, 0.569945)
(0.389772, 0.355016)
(0.389898, 0.508768)
(0.389864, 0.392875)
(0.389950, 0.417494)
(0.390117, 0.361142)
(0.390070, 0.419263)
(0.390346, 0.458789)
(0.390212, 0.403344)
(0.390171, 0.567794)
(0.390398, 0.465853)
(0.390396, 0.554794)
(0.390913, 0.352500)
(0.390679, 0.347078)
(0.390497, 0.456014)
(0.390437, 0.372071)
(0.390430, 0.572933)
(0.390485, 0.480528)
(0.390440, 0.593516)
(0.390542, 0.583438)
(0.390531, 0.461906)
(0.390649, 0.568404)
(0.390725, 0.395593)
(0.390709, 0.353999)
(0.390714, 0.550394)
(0.390824, 0.518047)
(0.390780, 0.461812)
(0.390789, 0.570897)
(0.390911, 0.405841)
(0.391050, 0.348792)
(0.391030, 0.419441)
(0.391207, 0.500013)
(0.391094, 0.583115)
(0.391065, 0.453178)
(0.391200, 0.527214)
(0.391211, 0.435202)
(0.391229, 0.518277)
(0.392470, 0.303843)
(0.392027, 0.363688)
(0.391720, 0.445398)
(0.391606, 0.323228)
(0.391411, 0.503846)
(0.391409, 0.334883)
(0.391402, 0.527890)
(0.391440, 0.574481)
(0.391425, 0.425645)
(0.391583, 0.598033)
(0.391703, 0.420503)
(0.391717, 0.530103)
(0.391930, 0.352919)
(0.391801, 0.424896)
(0.391762, 0.482315)
(0.391811, 0.561578)
(0.391827, 0.573439)
(0.392005, 0.534891)
(0.391999, 0.415543)
(0.392018, 0.507548)
(0.392020, 0.548660)
(0.392186, 0.396037)
(0.392132, 0.467650)
(0.392039, 0.417149)
(0.392040, 0.525114)
(0.392163, 0.412970)
(0.392157, 0.561977)
(0.392228, 0.440912)
(0.392216, 0.407757)
(0.392447, 0.505852)
(0.392416, 0.537730)
(0.392370, 0.531044)
(0.392443, 0.566834)
(0.392451, 0.434026)
(0.392622, 0.327907)
(0.392558, 0.308098)
(0.392537, 0.469523)
(0.392509, 0.363065)
(0.392475, 0.546776)
(0.392557, 0.445328)
(0.392568, 0.397655)
(0.392573, 0.398849)
(0.392737, 0.315135)
(0.392645, 0.346221)
(0.392627, 0.435014)
(0.392632, 0.562417)
(0.392667, 0.599475)
(0.392666, 0.505712)
(0.392714, 0.475207)
(0.392918, 0.419230)
(0.392802, 0.562491)
(0.392747, 0.428461)
(0.392890, 0.425898)
(0.393023, 0.513572)
(0.392930, 0.374920)
(0.393050, 0.427620)
(0.406353, 0.300677)
(0.398945, 0.305791)
(0.396012, 0.341361)
(0.394623, 0.326653)
(0.393777, 0.316946)
(0.393382, 0.324099)
(0.393274, 0.421148)
(0.393239, 0.462806)
(0.393137, 0.527818)
(0.393272, 0.380736)
(0.393348, 0.524422)
(0.393318, 0.509497)
(0.393371, 0.314371)
(0.393579, 0.456389)
(0.393562, 0.354648)
(0.393434, 0.318642)
(0.393432, 0.400098)
(0.393429, 0.585866)
(0.393517, 0.489339)
(0.393576, 0.492009)
(0.393571, 0.543725)
(0.393684, 0.465860)
(0.393621, 0.520803)
(0.393712, 0.384476)
(0.394113, 0.311169)
(0.394036, 0.479267)
(0.393985, 0.392915)
(0.393914, 0.411647)
(0.393870, 0.337718)
(0.393805, 0.598428)
(0.393877, 0.573313)
(0.393984, 0.414509)
(0.394032, 0.342410)
(0.394004, 0.556054)
(0.394076, 0.335586)
(0.394066, 0.441488)
(0.394048, 0.511449)
(0.394101, 0.354844)
(0.394450, 0.531252)
(0.394410, 0.342978)
(0.394379, 0.376229)
(0.394271, 0.411389)
(0.394446, 0.513926)
(0.394423, 0.587618)
(0.394549, 0.447907)
(0.394470, 0.539374)
(0.394451, 0.463533)
(0.394537, 0.541720)
(0.394547, 0.552375)
(0.394556, 0.408726)
(0.395503, 0.308552)
(0.395214, 0.310578)
(0.394973, 0.324327)
(0.394812, 0.368774)
(0.394648, 0.338940)
(0.394632, 0.454843)
(0.394725, 0.492661)
(0.394744, 0.589478)
(0.394814, 0.365746)
(0.394832, 0.533505)
(0.395107, 0.411018)
(0.395019, 0.342754)
(0.394988, 0.415106)
(0.395053, 0.524823)
(0.395026, 0.585280)
(0.395071, 0.553642)
(0.395159, 0.377530)
(0.395112, 0.521758)
(0.395207, 0.390128)
(0.395351, 0.378620)
(0.395331, 0.388672)
(0.395272, 0.436262)
(0.395284, 0.596612)
(0.395348, 0.431550)
(0.395456, 0.367607)
(0.395413, 0.493512)
(0.395368, 0.376155)
(0.395437, 0.571984)
(0.395480, 0.499029)
(0.395458, 0.354888)
(0.395496, 0.484463)
(0.395799, 0.393393)
(0.395631, 0.370190)
(0.395528, 0.406558)
(0.395512, 0.486986)
(0.395523, 0.497355)
(0.395622, 0.481903)
(0.395713, 0.362489)
(0.395653, 0.419964)
(0.395648, 0.541825)
(0.395758, 0.548873)
(0.395757, 0.452756)
(0.395769, 0.361500)
(0.395848, 0.401647)
(0.395835, 0.402519)
(0.395828, 0.407486)
(0.395897, 0.389666)
(0.395878, 0.470073)
(0.395928, 0.476699)
(0.397271, 0.319661)
(0.396604, 0.376600)
(0.396455, 0.362241)
(0.396161, 0.429163)
(0.396098, 0.342490)
(0.396069, 0.448021)
(0.396052, 0.459864)
(0.396094, 0.501451)
(0.396114, 0.430886)
(0.396383, 0.464889)
(0.396291, 0.525145)
(0.396249, 0.438166)
(0.396300, 0.545743)
(0.396423, 0.406277)
(0.396489, 0.333451)
(0.396464, 0.399206)
(0.396496, 0.459117)
(0.396495, 0.384907)
(0.396531, 0.520405)
(0.396901, 0.305576)
(0.396713, 0.389474)
(0.396644, 0.425699)
(0.396613, 0.475869)
(0.396609, 0.393616)
(0.396632, 0.533760)
(0.396667, 0.402811)
(0.396657, 0.429860)
(0.396763, 0.314669)
(0.396728, 0.488661)
(0.396794, 0.580572)
(0.396774, 0.455846)
(0.396809, 0.536193)
(0.396967, 0.337155)
(0.396918, 0.338353)
(0.397154, 0.416748)
(0.397105, 0.514701)
(0.396975, 0.306166)
(0.397120, 0.480580)
(0.397222, 0.346821)
(0.397189, 0.488866)
(0.397249, 0.432156)
(0.397764, 0.305590)
(0.397548, 0.366914)
(0.397404, 0.502171)
(0.397356, 0.444892)
(0.397288, 0.416097)
(0.397288, 0.474341)
(0.397404, 0.477261)
(0.397390, 0.515063)
(0.397486, 0.488136)
(0.397448, 0.507070)
(0.397532, 0.459832)
(0.397681, 0.323371)
(0.397607, 0.374304)
(0.397604, 0.446096)
(0.397666, 0.562658)
(0.397702, 0.342000)
(0.397719, 0.505998)
(0.398283, 0.485878)
(0.398035, 0.309704)
(0.397877, 0.357259)
(0.397819, 0.368772)
(0.397818, 0.306077)
(0.397871, 0.362696)
(0.397871, 0.547756)
(0.398009, 0.388529)
(0.397916, 0.413050)
(0.398018, 0.413280)
(0.398190, 0.525429)
(0.398138, 0.521009)
(0.398059, 0.599247)
(0.398052, 0.596265)
(0.398067, 0.595989)
(0.398189, 0.571327)
(0.398281, 0.526695)
(0.398552, 0.397392)
(0.398428, 0.394062)
(0.398360, 0.527079)
(0.398307, 0.570980)
(0.398395, 0.545085)
(0.398501, 0.455548)
(0.398474, 0.512832)
(0.398523, 0.580951)
(0.398847, 0.416276)
(0.398602, 0.505399)
(0.398583, 0.475027)
(0.398622, 0.451025)
(0.398717, 0.536741)
(0.398874, 0.449767)
(0.402512, 0.306463)
(0.400299, 0.398577)
(0.399574, 0.345146)
(0.399315, 0.327452)
(0.399145, 0.379800)
(0.398996, 0.507964)
(0.398985, 0.324947)
(0.399074, 0.449425)
(0.398996, 0.590894)
(0.399189, 0.570826)
(0.399171, 0.441803)
(0.399191, 0.446784)
(0.399239, 0.599144)
(0.399356, 0.322493)
(0.399318, 0.571417)
(0.399317, 0.344330)
(0.399336, 0.592087)
(0.399464, 0.393557)
(0.399392, 0.436977)
(0.399357, 0.468596)
(0.399558, 0.345925)
(0.399558, 0.583378)
(0.400046, 0.428913)
(0.399956, 0.457011)
(0.399834, 0.537034)
(0.399657, 0.326777)
(0.399613, 0.489487)
(0.399705, 0.517002)
(0.399671, 0.577309)
(0.399785, 0.552239)
(0.399911, 0.585998)
(0.399906, 0.581210)
(0.399840, 0.588482)
(0.399932, 0.512748)
(0.399979, 0.508572)
(0.399960, 0.492227)
(0.399989, 0.527634)
(0.400021, 0.540755)
(0.400169, 0.352913)
(0.400137, 0.464482)
(0.400152, 0.547876)
(0.400173, 0.401666)
(0.400223, 0.599949)
(0.400994, 0.321482)
(0.400612, 0.325200)
(0.400459, 0.411765)
(0.400313, 0.421804)
(0.400303, 0.445988)
(0.400360, 0.449565)
(0.400336, 0.529068)
(0.400374, 0.462850)
(0.400507, 0.461654)
(0.400502, 0.560789)
(0.400466, 0.565079)
(0.400554, 0.528237)
(0.400832, 0.410566)
(0.400646, 0.478601)
(0.400620, 0.400184)
(0.400733, 0.443032)
(0.400653, 0.509851)
(0.400884, 0.364264)
(0.400839, 0.342046)
(0.400845, 0.526232)
(0.400937, 0.394438)
(0.400900, 0.365874)
(0.400910, 0.532365)
(0.400960, 0.464243)
(0.401439, 0.325299)
(0.401035, 0.408220)
(0.401020, 0.381936)
(0.400998, 0.396775)
(0.401008, 0.562232)
(0.401020, 0.421552)
(0.401184, 0.308825)
(0.401114, 0.455585)
(0.401097, 0.439010)
(0.401097, 0.555244)
(0.401139, 0.357548)
(0.401165, 0.528223)
(0.401269, 0.385323)
(0.401262, 0.525281)
(0.401187, 0.445053)
(0.401184, 0.581353)
(0.401264, 0.421258)
(0.401319, 0.343457)
(0.401302, 0.590610)
(0.401431, 0.540282)
(0.402001, 0.361685)
(0.401795, 0.413795)
(0.401674, 0.463609)
(0.401616, 0.369596)
(0.401527, 0.566359)
(0.401674, 0.484592)
(0.401693, 0.596727)
(0.401951, 0.441255)
(0.401939, 0.555174)
(0.402186, 0.527946)
(0.402127, 0.327935)
(0.402022, 0.385175)
(0.402088, 0.397572)
(0.402144, 0.426344)
(0.402431, 0.346899)
(0.402187, 0.564295)
(0.402309, 0.565264)
(0.402504, 0.366623)
(0.402459, 0.580247)
(0.402504, 0.467572)
(0.404624, 0.349001)
(0.403564, 0.307682)
(0.403021, 0.335507)
(0.402735, 0.383358)
(0.402661, 0.356139)
(0.402617, 0.314371)
(0.402535, 0.493311)
(0.402528, 0.519950)
(0.402622, 0.472407)
(0.402680, 0.366233)
(0.402663, 0.384463)
(0.402690, 0.405169)
(0.402723, 0.505105)
(0.402914, 0.318901)
(0.402877, 0.373491)
(0.402766, 0.525180)
(0.402736, 0.532095)
(0.402847, 0.448623)
(0.402895, 0.409711)
(0.402879, 0.559614)
(0.402896, 0.496064)
(0.402947, 0.360364)
(0.402946, 0.546135)
(0.402946, 0.585053)
(0.402949, 0.349245)
(0.403017, 0.560422)
(0.403338, 0.381165)
(0.403167, 0.357227)
(0.403129, 0.552833)
(0.403121, 0.516701)
(0.403048, 0.599031)
(0.403153, 0.506017)
(0.403326, 0.337747)
(0.403268, 0.486727)
(0.403167, 0.581180)
(0.403337, 0.464107)
(0.403449, 0.342598)
(0.403402, 0.377155)
(0.403376, 0.500017)
(0.403375, 0.591605)
(0.403430, 0.576389)
(0.403560, 0.358013)
(0.403520, 0.453414)
(0.404301, 0.415804)
(0.404112, 0.338160)
(0.403855, 0.552446)
(0.403611, 0.320711)
(0.403595, 0.499323)
(0.403670, 0.581579)
(0.403678, 0.590176)
(0.403957, 0.539742)
(0.403876, 0.443304)
(0.404053, 0.545213)
(0.404030, 0.556803)
(0.404185, 0.443991)
(0.404182, 0.385555)
(0.404150, 0.452325)
(0.404244, 0.436610)
(0.404220, 0.487208)
(0.404230, 0.586245)
(0.404286, 0.531112)
(0.404262, 0.574060)
(0.404563, 0.341445)
(0.404333, 0.419972)
(0.404500, 0.493605)
(0.404601, 0.442256)
(0.404564, 0.460083)
(0.404615, 0.367374)
(0.405424, 0.313350)
(0.404867, 0.307750)
(0.404811, 0.362293)
(0.404661, 0.539750)
(0.404655, 0.470071)
(0.404777, 0.388551)
(0.404854, 0.356816)
(0.404811, 0.500542)
(0.404863, 0.418250)
(0.404857, 0.530491)
(0.405176, 0.397876)
(0.404930, 0.486497)
(0.404890, 0.376850)
(0.404895, 0.496746)
(0.405030, 0.536443)
(0.404936, 0.552908)
(0.404930, 0.576441)
(0.404951, 0.547737)
(0.405120, 0.455859)
(0.405128, 0.566109)
(0.405257, 0.321866)
(0.405223, 0.349583)
(0.405383, 0.399209)
(0.405301, 0.492129)
(0.405273, 0.573223)
(0.405336, 0.529633)
(0.405420, 0.333891)
(0.405395, 0.556359)
(0.405848, 0.373479)
(0.405572, 0.411697)
(0.405520, 0.304327)
(0.405481, 0.376149)
(0.405458, 0.524552)
(0.405514, 0.322161)
(0.405540, 0.466220)
(0.405695, 0.397673)
(0.405597, 0.538183)
(0.405615, 0.591195)
(0.405824, 0.581723)
(0.405703, 0.594255)
(0.406212, 0.348160)
(0.406010, 0.432136)
(0.405863, 0.558247)
(0.405862, 0.500568)
(0.405986, 0.417206)
(0.406169, 0.340406)
(0.406145, 0.490265)
(0.406114, 0.565463)
(0.406197, 0.472976)
(0.406276, 0.369320)
(0.406222, 0.458991)
(0.406213, 0.367754)
(0.406257, 0.472148)
(0.406236, 0.499487)
(0.406305, 0.303176)
(0.408334, 0.315794)
(0.407347, 0.327624)
(0.407069, 0.304212)
(0.406581, 0.362731)
(0.406499, 0.382266)
(0.406467, 0.340051)
(0.406389, 0.594953)
(0.406386, 0.462682)
(0.406405, 0.548065)
(0.406485, 0.414710)
(0.406527, 0.411680)
(0.406523, 0.446815)
(0.406528, 0.395118)
(0.406724, 0.307437)
(0.406635, 0.529457)
(0.406866, 0.553052)
(0.406809, 0.534923)
(0.406750, 0.591405)
(0.407048, 0.482561)
(0.407047, 0.560294)
(0.407233, 0.400481)
(0.407172, 0.490328)
(0.407157, 0.349816)
(0.407117, 0.524099)
(0.407171, 0.496861)
(0.407215, 0.537834)
(0.407182, 0.434666)
(0.407220, 0.519688)
(0.407286, 0.414200)
(0.407257, 0.336393)
(0.407258, 0.503774)
(0.407290, 0.447546)
(0.407331, 0.473614)
(0.407778, 0.318011)
(0.407481, 0.334402)
(0.407452, 0.455246)
(0.407442, 0.440434)
(0.407389, 0.583940)
(0.407353, 0.541359)
(0.407420, 0.469091)
(0.407442, 0.463834)
(0.407477, 0.432586)
(0.407477, 0.392886)
(0.407478, 0.394254)
(0.407679, 0.524092)
(0.407605, 0.413991)
(0.407547, 0.481387)
(0.407520, 0.440956)
(0.407594, 0.567926)
(0.407619, 0.520015)
(0.407736, 0.470361)
(0.407706, 0.355908)
(0.407687, 0.546266)
(0.407767, 0.449728)
(0.407911, 0.345507)
(0.407816, 0.461733)
(0.407801, 0.466982)
(0.407782, 0.531648)
(0.407832, 0.357989)
(0.407826, 0.493918)
(0.407865, 0.571765)
(0.407845, 0.598524)
(0.408154, 0.352495)
(0.408044, 0.360686)
(0.407917, 0.443220)
(0.408003, 0.552528)
(0.408054, 0.496411)
(0.408051, 0.512215)
(0.408152, 0.441935)
(0.408169, 0.447296)
(0.408159, 0.500199)
(0.408279, 0.330561)
(0.408212, 0.597669)
(0.408331, 0.515763)
(0.409117, 0.382211)
(0.408804, 0.319062)
(0.408643, 0.437818)
(0.408482, 0.347192)
(0.408436, 0.356672)
(0.408362, 0.425820)
(0.408618, 0.381074)
(0.408557, 0.475146)
(0.408728, 0.445743)
(0.408683, 0.493241)
(0.408682, 0.545203)
(0.408756, 0.500660)
(0.408753, 0.518159)
(0.408955, 0.523212)
(0.408885, 0.454124)
(0.408855, 0.392404)
(0.408894, 0.472718)
(0.408994, 0.382085)
(0.408957, 0.580135)
(0.408986, 0.584999)
(0.409033, 0.488707)
(0.409695, 0.308620)
(0.409287, 0.398121)
(0.409200, 0.452364)
(0.409171, 0.548427)
(0.409238, 0.483397)
(0.409217, 0.583204)
(0.409275, 0.567411)
(0.409463, 0.374473)
(0.409386, 0.558978)
(0.409364, 0.384260)
(0.409457, 0.474429)
(0.409387, 0.591583)
(0.409572, 0.380099)
(0.409497, 0.448275)
(0.409562, 0.587420)
(0.409689, 0.384599)
(0.409913, 0.410604)
(0.409873, 0.370302)
(0.409792, 0.369565)
(0.409765, 0.416509)
(0.409696, 0.594682)
(0.409773, 0.598101)
(0.409828, 0.464463)
(0.409892, 0.414153)
(0.409978, 0.466738)
(0.409971, 0.431795)
(0.409929, 0.568108)

We can perform 327 NN calculations in 1 second.
